time,right_s0,right_s1,right_e0,right_e1,right_w0,right_w1,right_w2
0.010000,0.00841378116803,-0.550830638124,-0.00341253065877,0.757110860298,-0.00145714857581,1.25659545577,-0.00507345358819
0.020000,0.00841463623819,-0.551138294219,-0.00341280608099,0.757264719085,-0.00145701497524,1.25644180823,-0.00476594644715
0.030000,0.00841817793476,-0.551297001239,-0.0034135449635,0.757648072557,-0.00160846992564,1.25621091974,-0.00475916059437
0.040000,0.00812190171368,-0.55115182033,-0.00356710084708,0.757579801712,-0.00168551464009,1.25651039377,-0.00498198940645
0.050000,0.00782742340938,-0.551295818692,-0.00395103399938,0.757280754354,-0.00146144084469,1.25697035947,-0.00461461234214
0.060000,0.00791554730916,-0.551002164637,-0.00389112385087,0.757500283936,-0.00115261142856,1.25668368006,-0.00535006579574
0.070000,0.00802722479423,-0.551369060599,-0.00344529036474,0.757663840896,-0.000993174595583,1.25682730692,-0.00566845142716
0.080000,0.00851841911505,-0.551155093523,-0.00327866826416,0.757747625067,-0.00142830312303,1.25726647828,-0.00530050335544
0.090000,0.0085915177782,-0.550933405365,-0.00320803399742,0.757535130713,-0.00129026244293,1.25661070397,-0.00490103313207
0.100000,0.00881127324215,-0.551457382285,-0.00344090233552,0.757690380412,-0.00120589573546,1.25643764897,-0.00510769762817
0.110000,0.00882234887767,-0.551255603572,-0.00361083820008,0.757630786677,-0.00142156434539,1.25605453696,-0.00547470961574
0.120000,0.00832046907844,-0.551253909464,-0.00370275418871,0.757195514875,-0.00142206648142,1.25596497069,-0.00502600568022
0.130000,0.00849382116337,-0.551261607076,-0.00364803566414,0.757348028721,-0.00141277208746,1.25603221383,-0.00484120957671
0.140000,0.00908156034336,-0.551270288875,-0.00388732911436,0.757749056775,-0.00140204641477,1.2561076421,-0.00444178108142
0.150000,0.00925614828789,-0.551580590619,-0.00376641266102,0.757861058481,-0.00138980690284,1.2567031603,-0.00433161959414
0.160000,0.00928446177553,-0.551900054351,-0.00356039060548,0.757519396341,-0.00137597461387,1.25664754255,-0.00467537627542
0.170000,0.00955378434181,-0.551702191226,-0.00372577002713,0.757311648071,-0.00150949339906,1.2566405652,-0.00488548647002
0.180000,0.00992591994667,-0.551704584679,-0.00368527937915,0.757335646624,-0.00142281310886,1.25655388472,-0.00486412970251
0.190000,0.0097393359926,-0.551718682812,-0.00341958698466,0.757373837209,-0.00125418969143,1.25573446493,-0.00497693747164
0.200000,0.00984068997884,-0.551733990202,-0.00395589505717,0.757860138404,-0.00137024784659,1.256273294,-0.00501822120193
0.210000,0.0102060298707,-0.551898019443,-0.0041685167427,0.758295567813,-0.000916992255782,1.25681389357,-0.0046131266365
0.220000,0.0108256458191,-0.551846716633,-0.00378006019949,0.757631391815,-0.00101482177889,1.25667916805,-0.00432622660541
0.230000,0.0108296209002,-0.55127486558,-0.00364920889623,0.757645136356,-0.00136441143881,1.25578308643,-0.00455863713967
0.240000,0.0114086426042,-0.551188707107,-0.00376190390224,0.758217082498,-0.00142971470624,1.2565998653,-0.00466875894161
0.250000,0.01233947612,-0.551424904772,-0.0044032684639,0.757943695829,-0.00103641523167,1.25721246772,-0.00433018212599
0.260000,0.0124511613841,-0.551610797238,-0.0045715135694,0.758060776483,-0.000759245732236,1.25630064752,-0.00417104127329
0.270000,0.012826328843,-0.551863003793,-0.00456302861141,0.75872091136,-0.00100347339886,1.25615459231,-0.00410278532025
0.280000,0.0133918129365,-0.552198899418,-0.00454353050529,0.758759063355,-0.00127292507156,1.2561426293,-0.00439002873257
0.290000,0.0138568814022,-0.552828141252,-0.00416973851083,0.758399424323,-0.00103516633709,1.2564883835,-0.00419711948662
0.300000,0.0144900057731,-0.552247751109,-0.00406918144391,0.758745773727,-0.000834868064157,1.25605865283,-0.00440087142337
0.310000,0.0147299117832,-0.551374322761,-0.0040637009806,0.759143082833,-0.000855374611626,1.25615509947,-0.00397703720061
0.320000,0.0149651665136,-0.551825566516,-0.00435061034852,0.759049826978,-0.00109568082622,1.2562164286,-0.00364256308996
0.330000,0.0153831838722,-0.551535446597,-0.0043052994181,0.758845130685,-0.000850493566589,1.25598547773,-0.00367798928944
0.340000,0.0162092941081,-0.551762719789,-0.00431016924421,0.758642311045,-0.000639766385105,1.25595107756,-0.00380696687829
0.350000,0.0170195471783,-0.55231404967,-0.00460953809518,0.758797368322,-0.000650356164221,1.25622153168,-0.00357700144611
0.360000,0.0178645146096,-0.552180513841,-0.00486821192601,0.75884976104,-0.000883896851604,1.25607455205,-0.00338755462334
0.370000,0.0193901507741,-0.551913701164,-0.00519432227544,0.759181598055,-0.000774640011569,1.25604721888,-0.00348613931093
0.380000,0.0205680743733,-0.551646224314,-0.00502623043431,0.759181358853,-0.000775764447854,1.25673121683,-0.00324254531092
0.390000,0.0209583060032,-0.551880419781,-0.00468101373756,0.759230084027,-0.000358009161065,1.25590411743,-0.00289437208378
0.400000,0.0216809138752,-0.551942230918,-0.00490225160029,0.759575714188,-0.000190650994561,1.25566282682,-0.0027503550963
0.410000,0.0228898880837,-0.552417748326,-0.00524533306973,0.759881641002,-0.000183237410876,1.25583878837,-0.00261907683286
0.420000,0.0236774418655,-0.552998397071,-0.00524135198715,0.760111429424,-4.74132228025e-05,1.25632453462,-0.00262696603256
0.430000,0.0248119246288,-0.552881058359,-0.00528378993012,0.760201866324,-3.46997975553e-05,1.25627180674,-0.00285516325475
0.440000,0.0262274171918,-0.552912433762,-0.00576290955154,0.760567726979,-0.00017590018889,1.25587899324,-0.00266911625619
0.450000,0.0268386199238,-0.552677042528,-0.00614279856648,0.76060868759,-0.000463340309719,1.25525306042,-0.00223095782473
0.460000,0.0272751489772,-0.552278454537,-0.00644478030858,0.760552452744,0.000290775380471,1.25544366603,-0.00211563184493
0.470000,0.0291511175302,-0.552294377835,-0.00667060928745,0.760565905438,0.00029758886642,1.25579275031,-0.00174884829438
0.480000,0.0304955493463,-0.552633735841,-0.0066151495752,0.760662683496,-4.58636119427e-05,1.25649516361,-0.00170132895802
0.490000,0.0316625900278,-0.553282958883,-0.00674541790599,0.760911233186,0.000352121336911,1.25603789195,-0.00175487389579
0.500000,0.0331301110784,-0.553046783202,-0.00676004778842,0.761042962599,0.000207782751054,1.25566932966,-0.00174311832195
0.510000,0.0341724912091,-0.552797112541,-0.00683725510028,0.761442122411,0.000483598290538,1.2556677557,-0.00178666521316
0.520000,0.0352022944953,-0.553246841532,-0.00706387125346,0.761667360431,0.000464807830945,1.25542551864,-0.00148127616441
0.530000,0.036756963482,-0.552868611503,-0.00703132724206,0.76187561914,0.000624893343379,1.255362127,-0.0010647541472
0.540000,0.038191675096,-0.553090003014,-0.00718222430502,0.762089351577,0.000876904423624,1.25518043574,-0.000844934365616
0.550000,0.0396394945507,-0.553040017391,-0.00750162987175,0.762308547294,0.000582898806456,1.25491334826,-0.000502399212503
0.560000,0.0411235450003,-0.553303206181,-0.00763009584369,0.762533193608,0.000922558106804,1.2548443777,-7.10722533922e-05
0.570000,0.0429235901413,-0.55388263585,-0.00753273067749,0.762903205064,0.00134413453873,1.25493935698,0.00016407748717
0.580000,0.0445066781604,-0.553807357383,-0.00803797427533,0.763222405136,0.00128701854799,1.25553911713,0.000380577530128
0.590000,0.0457545715415,-0.553576648103,-0.00820416835015,0.763263766065,0.00124088378186,1.25577145321,0.000602035839549
0.600000,0.0477582023889,-0.553064323622,-0.00811972755565,0.763485858463,0.00113803230548,1.25526248757,0.000828433143873
0.610000,0.0491955034902,-0.553143449553,-0.00835904141115,0.764014475551,0.00123657301122,1.25549926847,0.000921258739993
0.620000,0.0505864649814,-0.553364887161,-0.00850947413454,0.764718503988,0.00136315999478,1.25541988046,0.0010730895765
0.630000,0.0526294810913,-0.553469111458,-0.00891939928077,0.764756559124,0.00149234418848,1.25494771068,0.00123249057711
0.640000,0.0547872797438,-0.553754874245,-0.00902472168902,0.764437829828,0.00176243995471,1.25511938703,0.00119521467791
0.650000,0.0565640824497,-0.553384135363,-0.00929987779267,0.764850362034,0.00212022808939,1.25523575112,0.00161734802609
0.660000,0.0578449641352,-0.553748146234,-0.00966882660156,0.765495016048,0.00228446022469,1.2546504626,0.00203872354378
0.670000,0.0597163099628,-0.553946806528,-0.00950629446053,0.765550660098,0.00214805909235,1.25445479821,0.00238468730494
0.680000,0.0619070087355,-0.554110551942,-0.00982172194112,0.765871144498,0.00211572835508,1.2548662343,0.00245395775915
0.690000,0.0638191729701,-0.554206163436,-0.0102824859101,0.766106853382,0.00264881901548,1.25500824381,0.00269564048098
0.700000,0.0658493436306,-0.553964377561,-0.0105555227366,0.766597339632,0.00271967477023,1.25470281345,0.00283275283454
0.710000,0.0675282501891,-0.554274878002,-0.010664764529,0.766793678227,0.00264599536227,1.25466890443,0.00302602428948
0.720000,0.0695925695662,-0.554339451075,-0.0106922963904,0.766879287858,0.00290579590842,1.25482451875,0.00364064720399
0.730000,0.0719477116767,-0.554353973509,-0.0109176275308,0.767163672043,0.00314610352924,1.25540179212,0.00404408956348
0.740000,0.0738925179756,-0.554305861091,-0.0111760883116,0.767618101705,0.00338159884386,1.25501996511,0.00400780560157
0.750000,0.0760033607615,-0.554787980419,-0.0114384670594,0.768027201036,0.00395543534495,1.254289061,0.00418944571032
0.760000,0.0783118791354,-0.555083915445,-0.01197599763,0.768299295649,0.0043142527215,1.25399586643,0.00454721465396
0.770000,0.0806036588829,-0.555270612074,-0.0125552616901,0.768554072486,0.00429453503788,1.25384325641,0.00506664050871
0.780000,0.082915139056,-0.555181041132,-0.0125370791921,0.768744984645,0.00409170671414,1.25396728489,0.00587864643551
0.790000,0.085592282984,-0.55511822788,-0.0126947037467,0.769198859526,0.00473829504403,1.25379893776,0.00606880604636
0.800000,0.087961863897,-0.555135970194,-0.0131614491722,0.769310212056,0.00479578995633,1.25377962683,0.00635213872166
0.810000,0.0904255311922,-0.555292918559,-0.0133472752021,0.769678593843,0.00447278472738,1.2537150635,0.00654071322199
0.820000,0.0927392383091,-0.555343514602,-0.0135480208528,0.770112961443,0.00477248545413,1.25331191964,0.00691377822042
0.830000,0.0947192243974,-0.555773808953,-0.0140286037972,0.770748610341,0.00498280773483,1.25331506429,0.00738552529117
0.840000,0.0972035539575,-0.555603762102,-0.0143587923716,0.77109434041,0.00516227015656,1.25260096644,0.00747993081958
0.850000,0.100141544757,-0.55539795632,-0.0147922792458,0.771384046341,0.0054779594007,1.25188578694,0.00784080872232
0.860000,0.102962649504,-0.556257523127,-0.0153165932024,0.771616695516,0.00574949417257,1.25125501089,0.00799733795357
0.870000,0.1055809771,-0.556371715481,-0.0155236322836,0.772236947336,0.00601377931598,1.2504387295,0.00817823260394
0.880000,0.108522788335,-0.556130804493,-0.0157458061125,0.772467345488,0.00647567252627,1.24985326186,0.00844225578955
0.890000,0.111023583734,-0.556121185511,-0.0159802175332,0.772686481762,0.00651513740697,1.24944257348,0.00911565148743
0.900000,0.113392990934,-0.556422745417,-0.0160229992711,0.772989473711,0.00693753027955,1.24892519521,0.00959750660353
0.910000,0.11610586459,-0.556576112408,-0.0164905737821,0.773436680157,0.0075728729692,1.24837900212,0.0101723389269
0.920000,0.118970538949,-0.556561749004,-0.0167171218562,0.773651132814,0.00823737813728,1.24737518567,0.0107673819364
0.930000,0.121677971463,-0.5564602552,-0.0169543202688,0.774017498298,0.00935987780507,1.24700867752,0.0107174128697
0.940000,0.124505753881,-0.556675058127,-0.0174676567729,0.774424516797,0.010239352986,1.24690491976,0.011333443164
0.950000,0.12744838225,-0.557016233825,-0.0178375810172,0.774835410486,0.0107351189905,1.24597860864,0.0117064083437
0.960000,0.130496912939,-0.557307942837,-0.0183040366667,0.775381054888,0.011369185804,1.24521199713,0.0115550545787
0.970000,0.13397144272,-0.557520395138,-0.018993207403,0.775888687362,0.0123642086676,1.24483408247,0.0117733238035
0.980000,0.137024040584,-0.557855680267,-0.0195928304391,0.776260206715,0.0131670100829,1.24392907604,0.0123426553549
0.990000,0.139614064126,-0.558601810326,-0.019845487039,0.777127770599,0.0138532249919,1.24226703687,0.0127725451558
1.000000,0.14260273764,-0.558582532694,-0.0201035409054,0.778034846399,0.0142702886167,1.24125286215,0.0132975375128
1.010000,0.145901625368,-0.558400059637,-0.0206339460114,0.778546246629,0.0149609790395,1.24065164969,0.0135252159516
1.020000,0.14945288492,-0.558669487325,-0.0211559554312,0.778982422405,0.0152610953065,1.24048987281,0.0136974492203
1.030000,0.152488272971,-0.558838363511,-0.0217310142383,0.779291869859,0.0146363062759,1.24053563108,0.0141199456726
1.040000,0.155685437989,-0.559227227011,-0.022258159121,0.779515339148,0.0144244716869,1.24028156349,0.0140264887859
1.050000,0.159471197091,-0.559796410622,-0.0229671611968,0.780051213749,0.0147826983648,1.23957759143,0.0145882300954
1.060000,0.163061939948,-0.560396499393,-0.023589987729,0.780719854269,0.0150428760099,1.23898211525,0.0149928542917
1.070000,0.1660990526,-0.561056653506,-0.0241263700397,0.78147256336,0.0152640929673,1.23849664206,0.0158456682599
1.080000,0.169172285779,-0.561222557992,-0.0245847462022,0.781979547756,0.0153578023308,1.23846632671,0.0166150090098
1.090000,0.172295026556,-0.562175126519,-0.0250334302437,0.78186296012,0.0153631147008,1.23789354645,0.0167712581358
1.100000,0.175627287063,-0.563572300022,-0.0258025542713,0.782201622326,0.0156766251939,1.2378903042,0.0169362348633
1.110000,0.178706480063,-0.564522947759,-0.0261352554221,0.782666786444,0.0161228562743,1.2384150093,0.0173211389106
1.120000,0.182371782277,-0.56561146709,-0.0266785013674,0.783134877913,0.0163931772781,1.23844962332,0.0180072722648
1.130000,0.186447819826,-0.566440076986,-0.0275441636614,0.783478737451,0.0167504212509,1.23874013339,0.0191312308722
1.140000,0.189650481354,-0.566880400026,-0.0279626421139,0.783860453994,0.0169480298042,1.2391768831,0.0197101618573
1.150000,0.19253458372,-0.567567444045,-0.0286469475534,0.784636923708,0.0169162904746,1.23912571612,0.0195833292396
1.160000,0.196908274333,-0.569083348748,-0.0291702012552,0.785633092325,0.017150116912,1.23933164893,0.0197596927056
1.170000,0.200775168957,-0.570654960202,-0.0293860234025,0.786341603846,0.0172129028754,1.23950119186,0.0202387058148
1.180000,0.203638175766,-0.571877381053,-0.0298577138174,0.786478961551,0.0171541138889,1.23907506899,0.020949826035
1.190000,0.207204711967,-0.572960442958,-0.0305934470778,0.786877628992,0.0168320605664,1.23832853367,0.0212681356037
1.200000,0.21131030596,-0.574096690113,-0.0313777581699,0.787618812355,0.0168874316167,1.23822038168,0.0217973586223
1.210000,0.215318120849,-0.575436568206,-0.0320380278428,0.788295131611,0.0172995304375,1.2382172238,0.0223415488705
1.220000,0.218734276913,-0.577254749928,-0.0327323519737,0.788446636048,0.0175873786041,1.23807499782,0.0227493593568
1.230000,0.222277523597,-0.578871840107,-0.0336912935312,0.788724834208,0.0178304839335,1.23802416707,0.0232511923612
1.240000,0.226020417455,-0.580349556874,-0.0342798545538,0.789380041732,0.0181991186425,1.23813070531,0.0234153046676
1.250000,0.229688219168,-0.582370706137,-0.0351354792151,0.790483641188,0.018412755719,1.2386358056,0.0236111341456
1.260000,0.233707997537,-0.58508977428,-0.0367001604303,0.791254916202,0.0185219759408,1.2384336676,0.0239014128687
1.270000,0.237465311393,-0.587335586339,-0.0375651584664,0.792101401656,0.0191059531137,1.2382762625,0.024273979179
1.280000,0.240834033558,-0.588864837698,-0.0380218303357,0.792751076243,0.0194513461908,1.23860831344,0.0249087264491
1.290000,0.244381777015,-0.590922533282,-0.0390490109286,0.793091531544,0.0194536800153,1.23843524578,0.0253008193631
1.300000,0.248443798152,-0.593357526174,-0.0405418673259,0.793676033808,0.0193952203464,1.23828496778,0.0256782614608
1.310000,0.252684961685,-0.595956898918,-0.0415708095398,0.794528559804,0.0198873512598,1.23843091204,0.0265632529964
1.320000,0.256283470141,-0.598644240416,-0.0425098199617,0.79506170699,0.0202812905762,1.23863923157,0.0273943990726
1.330000,0.260261085501,-0.601047018542,-0.0431042139114,0.795441273369,0.0209820807327,1.23866733264,0.0277529014707
1.340000,0.263973512155,-0.603425767645,-0.0439029159312,0.796537176704,0.0217756151669,1.2390705514,0.0278116560165
1.350000,0.267886549299,-0.606312597952,-0.0447896367531,0.797589668416,0.0211732276286,1.23916253881,0.0281327308997
1.360000,0.271954152583,-0.609393146825,-0.045856478048,0.798212361006,0.0211610457851,1.23913947198,0.0290793252916
1.370000,0.275744314582,-0.612301149614,-0.0466716477361,0.798735210904,0.0222068156013,1.23929593934,0.0293310980999
1.380000,0.279519684014,-0.615391774069,-0.0477646223045,0.799380022835,0.0226866933629,1.23907942889,0.0294704743779
1.390000,0.283321436214,-0.61880251895,-0.0488423908726,0.800363462231,0.0222827361949,1.23904502334,0.0295246292578
1.400000,0.286717121121,-0.622005010269,-0.0497109546021,0.801375275792,0.022529754438,1.23903449668,0.030267765245
1.410000,0.290419209707,-0.625165206153,-0.0505246292665,0.802130050353,0.0231408698327,1.238888386,0.0312799201956
1.420000,0.294371051132,-0.628448635136,-0.0514582375146,0.803357623361,0.0231253850694,1.2389473582,0.0318281358825
1.430000,0.298007004862,-0.631532223072,-0.0522471268499,0.805162329047,0.0234002860494,1.2387751489,0.0321179612612
1.440000,0.301665042997,-0.634841727202,-0.0525668670644,0.806433609009,0.023756606309,1.23845526268,0.0323757869382
1.450000,0.305066966428,-0.638181732646,-0.0531804584414,0.807034089716,0.0240972989104,1.23829587342,0.0333479000199
1.460000,0.308272019236,-0.641394656556,-0.0541581735472,0.807966328864,0.0247332526269,1.23842928859,0.0338862424817
1.470000,0.312218023033,-0.644931357774,-0.0549126785446,0.809346308295,0.0251059790564,1.2389929731,0.034164900874
1.480000,0.315873878596,-0.648695695788,-0.0553988892254,0.810876347621,0.025488527348,1.23906894196,0.0344841849302
1.490000,0.31919379601,-0.652294497142,-0.0560678547511,0.812004063891,0.0258478600295,1.23830882786,0.034883525112
1.500000,0.322760531174,-0.655436129245,-0.0568093485292,0.813009407822,0.0259533825737,1.23782190844,0.0358948730983
1.510000,0.325956438595,-0.65885970259,-0.057376929138,0.814543417852,0.0263967824951,1.23812952911,0.0366197587504
1.520000,0.329186186455,-0.662761765511,-0.0584177975507,0.816127753531,0.0273249430613,1.23864072875,0.0365495154542
1.530000,0.333003227704,-0.666563340498,-0.0592770581268,0.81762444764,0.0277779592923,1.23810090467,0.0369111107845
1.540000,0.336644082954,-0.669932530399,-0.0598497580429,0.819158287248,0.0277533618191,1.23768738535,0.037135425113
1.550000,0.339884350014,-0.673645010874,-0.0607739486155,0.820414818782,0.0282768030508,1.23789415384,0.0373646770505
1.560000,0.34350405578,-0.677622032869,-0.0617728414319,0.821989545245,0.0285395637876,1.23778294317,0.0380434811166
1.570000,0.347456070562,-0.680890178509,-0.062812200691,0.824106118461,0.0285927007398,1.23757941768,0.0389716656427
1.580000,0.351118386607,-0.684077173987,-0.0638132153229,0.825892778177,0.0290358967624,1.23739266563,0.0394723853291
1.590000,0.354261761115,-0.687431445152,-0.0650853042581,0.827637705683,0.0296129292626,1.23714953195,0.0396444547216
1.600000,0.357446492736,-0.691126088698,-0.0660452966128,0.829076476404,0.0296676580029,1.23735000663,0.0402270226788
1.610000,0.360925225909,-0.694732009464,-0.0666947757723,0.830625231798,0.029892942584,1.23736033962,0.0410807094849
1.620000,0.36437138729,-0.697862598339,-0.0677491336568,0.832250747914,0.0304112165393,1.23736754694,0.0414512982902
1.630000,0.36732211382,-0.700940231821,-0.0689182000876,0.833834162398,0.0307065304113,1.23735557834,0.0418121455361
1.640000,0.37046047352,-0.704050419342,-0.0707945010815,0.835391239862,0.0311265929128,1.23687269997,0.0420633087457
1.650000,0.374063677335,-0.707405603026,-0.0721306797625,0.836367253217,0.0313425185969,1.23650890088,0.0428836169706
1.660000,0.377838205878,-0.710873998583,-0.0731464921256,0.837824013572,0.031630502445,1.23657246548,0.0437634964936
1.670000,0.381310322917,-0.714012380656,-0.0744217233416,0.839546632591,0.0322594447189,1.23638064539,0.0443011865242
1.680000,0.384824659364,-0.716674361313,-0.0755068174829,0.840913181585,0.0326513105579,1.23621028962,0.044499930601
1.690000,0.387888508218,-0.7199467828,-0.0764874775393,0.842097236832,0.033148508403,1.23632967299,0.0443327889825
1.700000,0.390880941149,-0.723155749571,-0.0781513852129,0.84337467272,0.0338411300695,1.23698749681,0.0449132082593
1.710000,0.394086559068,-0.725445252952,-0.079556898735,0.843847150707,0.034576298971,1.23752746743,0.0456943602054
1.720000,0.397357165703,-0.727887215205,-0.0807705933248,0.844230782314,0.0352528829943,1.23739539697,0.0462631953613
1.730000,0.400400484562,-0.730336350578,-0.0819873930855,0.845374873983,0.0357452086808,1.23744754468,0.0466560350903
1.740000,0.403133614129,-0.732672049736,-0.0835458587031,0.846602455826,0.0367300516245,1.23741986247,0.0468370649104
1.750000,0.405835264838,-0.735432679609,-0.0851715871763,0.846869936705,0.037257860717,1.23703185627,0.0470667264874
1.760000,0.408392608735,-0.737907886177,-0.0861560146145,0.846962119419,0.0377526553452,1.23704002464,0.0473956117838
1.770000,0.410997528407,-0.740272683131,-0.0871297753375,0.847344516611,0.0384437904524,1.23718797553,0.0476902930879
1.780000,0.413249122388,-0.742881393746,-0.0879083311269,0.847810492653,0.0389544105671,1.23742228082,0.0477930124995
1.790000,0.41496250456,-0.745177732544,-0.0881857823251,0.847772961667,0.0394337803419,1.23685939441,0.0482269273555
1.800000,0.416968325085,-0.747214927273,-0.0883137755122,0.847765613465,0.0398794529468,1.23608521704,0.0490297624579
1.810000,0.419150111896,-0.749647789437,-0.0888303071379,0.848178659265,0.0405799387302,1.23541148291,0.0490316764067
1.820000,0.421722830633,-0.751863335811,-0.0895553274699,0.848723518681,0.0412229795145,1.2348161955,0.0497392818799
1.830000,0.424050442439,-0.753558944312,-0.090413017344,0.849379887326,0.0417518307536,1.23423570069,0.0503677152505
1.840000,0.425999382123,-0.755642782634,-0.0910973010724,0.850357679408,0.0424717213101,1.23360639268,0.050407803891
1.850000,0.42791965813,-0.757998057766,-0.0916336944848,0.850946820758,0.0428395715271,1.23361846558,0.0505681093877
1.860000,0.429806208015,-0.760594358285,-0.0919272442201,0.851115465096,0.0431389391006,1.2335669864,0.051115300664
1.870000,0.431604252857,-0.762903122072,-0.0922949765361,0.851682305303,0.0434860335135,1.23388395764,0.0517181894971
1.880000,0.433379405149,-0.764724909314,-0.092730855195,0.851911603443,0.0439939978457,1.23455890755,0.0524108398058
1.890000,0.435214869268,-0.766510758468,-0.0932761684804,0.852460500655,0.044295918305,1.23398604903,0.0530367467362
1.900000,0.436292946387,-0.76840392243,-0.0938105333189,0.85329321794,0.0448130563096,1.23385214461,0.0524655838991
1.910000,0.437326508888,-0.770367239503,-0.0941051034803,0.85403922222,0.0453587150286,1.23380770599,0.051307900167
1.920000,0.438929286076,-0.772558207849,-0.0946863578086,0.854407474601,0.0456926740207,1.2333502559,0.0502762012362
1.930000,0.440254946584,-0.774596017257,-0.0955378743575,0.855121328255,0.0459578203201,1.2329887668,0.0496727506396
1.940000,0.441217797799,-0.776465694104,-0.096225955895,0.855943863588,0.0461140923977,1.23310608346,0.0489663525366
1.950000,0.442336120669,-0.778137324959,-0.0968682411221,0.856554605123,0.0461695586503,1.23354697946,0.0480925860411
1.960000,0.443757656167,-0.779688600377,-0.0974808720893,0.856985126754,0.0463624932612,1.23352394671,0.0476806692779
1.970000,0.444998687349,-0.78197150469,-0.0981221076703,0.857314478777,0.0466266121816,1.23369117413,0.0479664864025
1.980000,0.445958729939,-0.784313472654,-0.0987333485626,0.857672700284,0.046674144513,1.23372664449,0.0484667127454
1.990000,0.44674368612,-0.785993388439,-0.0992659356817,0.858001058876,0.0465197934833,1.23351175457,0.0490735821438
2.000000,0.447632212548,-0.78770744431,-0.0996679536085,0.858465551833,0.0465307731135,1.23297987751,0.0497809155936
2.010000,0.448422026288,-0.789489293841,-0.100233359202,0.858894554912,0.0467988630322,1.23238168808,0.0504592068679
2.020000,0.448400286947,-0.791133098052,-0.100841770953,0.859434856828,0.0471924278558,1.2322367151,0.0510580409972
2.030000,0.448442275341,-0.79294846824,-0.101478671986,0.860204574716,0.0470785568937,1.23233828765,0.051527430387
2.040000,0.448834108602,-0.794704047761,-0.10187414181,0.860464618992,0.0468765281299,1.23209239098,0.0521572778923
2.050000,0.449094129714,-0.796592219722,-0.102306377563,0.860507662744,0.0467500194986,1.23156941094,0.0527252483215
2.060000,0.449247353889,-0.798685753864,-0.103075335482,0.860785158098,0.0468354366058,1.23142142887,0.0531126558117
2.070000,0.449437198296,-0.800300736419,-0.103543277681,0.860894533375,0.0473370026533,1.23141665008,0.0533975339981
2.080000,0.449446079349,-0.801454392308,-0.103549162972,0.860828216202,0.0476695380172,1.23159922089,0.0538149865776
2.090000,0.449372019526,-0.802871421727,-0.103799450825,0.860687783084,0.0474831281526,1.23246023765,0.0544112215327
2.100000,0.448955854598,-0.804574506086,-0.104588014199,0.860413121251,0.0473832146548,1.23275703211,0.0551089630462
2.110000,0.448808344065,-0.806116242479,-0.105034182302,0.86019325497,0.0476688973146,1.23238872551,0.0555718845369
2.120000,0.448196185289,-0.807395256767,-0.105276916997,0.859506797879,0.0480306474734,1.23236478594,0.0558536594463
2.130000,0.447561266198,-0.808353975598,-0.105596518307,0.858657225411,0.0482661300332,1.23242080002,0.0561571275996
2.140000,0.447314505162,-0.809175159497,-0.106041739895,0.858269593555,0.0486523296817,1.23244314372,0.0566446966894
2.150000,0.44671019533,-0.809841248402,-0.106541299319,0.857469244733,0.0489868430878,1.23228796458,0.0575715442393
2.160000,0.445707260607,-0.81120918496,-0.107192676119,0.855890625387,0.0491392149921,1.23233732639,0.0583149798168
2.170000,0.4446773218,-0.812908630482,-0.107558875629,0.854498956249,0.0490839747782,1.23228496654,0.0585642819178
2.180000,0.443361231289,-0.814013620953,-0.108002212627,0.853830367949,0.0490547362478,1.23220632208,0.0588652238627
2.190000,0.442562704544,-0.814934777274,-0.108728963798,0.853164032478,0.0492321494269,1.23197333072,0.0594754105866
2.200000,0.44197887812,-0.81601493904,-0.109430170194,0.852209058584,0.0490729689648,1.23179067658,0.0599309277567
2.210000,0.440832821244,-0.817145052474,-0.109924306378,0.851279468665,0.0485004385794,1.2317892964,0.0603054262323
2.220000,0.43978951947,-0.817961937913,-0.110338158266,0.850356950509,0.0485396353792,1.23179037075,0.0609103441568
2.230000,0.438998516034,-0.819335992377,-0.110853378104,0.849092783979,0.0491010927239,1.23176702319,0.0615704298245
2.240000,0.43774264857,-0.820583842397,-0.111268029297,0.847866745415,0.0496416720284,1.23189285982,0.0620486834346
2.250000,0.43632043004,-0.821662004275,-0.111450433093,0.846749402145,0.050076747931,1.231541512,0.0622944733586
2.260000,0.435334763862,-0.823096905817,-0.11180115344,0.845580424665,0.0505341885101,1.23114956546,0.0628105273724
2.270000,0.434490515285,-0.824431472145,-0.112285049484,0.84449933919,0.0509657140337,1.23129776671,0.0633635569351
2.280000,0.433700653042,-0.825830525154,-0.113121924359,0.843118309391,0.0513209617529,1.2314576616,0.0641336750715
2.290000,0.433215417087,-0.827302990766,-0.113902567205,0.8418231997,0.0512482956677,1.23125867491,0.0650165121434
2.300000,0.432966077551,-0.828798695079,-0.114494212047,0.840749468866,0.0510017411995,1.23082788173,0.0653278549318
2.310000,0.431800074875,-0.8305615098,-0.115104652691,0.839860677586,0.0509841817694,1.23088841952,0.0656286140481
2.320000,0.430485551362,-0.832459159357,-0.115690812299,0.83845705473,0.0508277079953,1.23105255112,0.0657954118493
2.330000,0.429498188008,-0.83367532341,-0.116097838716,0.83705210046,0.0505801906622,1.23125706067,0.0659463512898
2.340000,0.428693295625,-0.834989481062,-0.116373205492,0.835798371913,0.0504581016371,1.23164576297,0.0667712470832
2.350000,0.428002229534,-0.836777727474,-0.117015985189,0.834671242372,0.0504930076168,1.23203895628,0.0673854486212
2.360000,0.427172283244,-0.838532890186,-0.117584997177,0.833324849389,0.051077730121,1.23210827412,0.0676415364487
2.370000,0.426342989431,-0.840304079788,-0.117983402981,0.83165961405,0.0515983373511,1.23190903713,0.0680157806007
2.380000,0.425721930218,-0.8421753772,-0.118380719244,0.830357345924,0.0517225558967,1.2319982708,0.0686707714581
2.390000,0.425082197147,-0.844121932344,-0.118875221646,0.829507151766,0.0519787770331,1.23253233426,0.0692412441209
2.400000,0.424510555108,-0.846396646164,-0.119376180264,0.828763814928,0.0522288116324,1.232477066,0.0692573801697
2.410000,0.424069082979,-0.848645580066,-0.119652673956,0.827875868475,0.0519536770369,1.2326728553,0.0696465591024
2.420000,0.423258497768,-0.850778840168,-0.119860870686,0.826947659356,0.0516136665001,1.23361272832,0.0705072142419
2.430000,0.422582459309,-0.852865538674,-0.120048599841,0.825851373462,0.0516787732208,1.23373845722,0.070938041673
2.440000,0.422290986,-0.854673962897,-0.120448828659,0.82522383165,0.0520155834895,1.23344548223,0.0709799329039
2.450000,0.421992028549,-0.857058112258,-0.12123465466,0.824753860551,0.0523618659636,1.23346378332,0.0713508890982
2.460000,0.421462566362,-0.859793795354,-0.121924685974,0.824064907574,0.052679450645,1.23355162078,0.0720983981534
2.470000,0.420918767236,-0.862139618817,-0.122083807899,0.823502240026,0.0531372838074,1.23443528493,0.0729345846463
2.480000,0.420287043863,-0.864273835167,-0.122388513274,0.822722345837,0.0532515879353,1.23605618595,0.0735748825689
2.490000,0.419614858658,-0.866933984582,-0.123170303271,0.821641006684,0.053195889594,1.23724630482,0.0739027264537
2.500000,0.419295761917,-0.869773684701,-0.124242186437,0.820786796768,0.0533422732274,1.23856207161,0.0742552324285
2.510000,0.418895478024,-0.872372743562,-0.124826038586,0.820303575463,0.0534813503065,1.23997815955,0.0745041465369
2.520000,0.418733084401,-0.875123755804,-0.124670249898,0.819936767782,0.0534169337986,1.24156390443,0.0744416238815
2.530000,0.418538854503,-0.877743509404,-0.124889859804,0.819330017674,0.0535472057363,1.24271425267,0.074685346583
2.540000,0.417825287943,-0.880368633063,-0.125454115728,0.818855543578,0.0539046795957,1.24347126843,0.0754359210339
2.550000,0.417227301819,-0.883109706802,-0.126033857607,0.818375190143,0.0539137817064,1.24474472377,0.0760528329015
2.560000,0.417012883745,-0.885525751366,-0.126596200571,0.817580948892,0.0541497576934,1.24640327059,0.0764858023299
2.570000,0.416469096154,-0.888067604336,-0.127078285471,0.816986348338,0.0548795598938,1.24786556334,0.0769172972219
2.580000,0.415414422475,-0.890722099386,-0.127341548201,0.816607713005,0.0553076783611,1.24968852298,0.0775359432459
2.590000,0.414677554006,-0.893026459267,-0.12762194902,0.815806749647,0.0553175699332,1.25198305773,0.078274716828
2.600000,0.414236953438,-0.895286989012,-0.127899521849,0.81491595411,0.0555622179786,1.25348053907,0.0784979568623
2.610000,0.413744171075,-0.897587938184,-0.127974322544,0.814336378331,0.0558818254545,1.25513574474,0.0782409262246
2.620000,0.413381130904,-0.900050452873,-0.128140368149,0.813642566838,0.0561078914008,1.25701307538,0.0782601625833
2.630000,0.412665319249,-0.902366296104,-0.128614938549,0.812742816957,0.0562397635834,1.25824510886,0.0789908804979
2.640000,0.411954997766,-0.904812959848,-0.129168199706,0.811950936269,0.0563555583542,1.25962288681,0.0796158500655
2.650000,0.411551766567,-0.907242906526,-0.129920059497,0.811346377017,0.0567797154915,1.26126553615,0.0797259939506
2.660000,0.411015702507,-0.909376881837,-0.130688153374,0.810941623746,0.0572984684135,1.26292294063,0.0799553533932
2.670000,0.410386309589,-0.911509661826,-0.131038480587,0.810444390175,0.057615388231,1.26456721183,0.0805567044939
2.680000,0.409740950514,-0.913837273662,-0.131121318783,0.809638298329,0.0576539992364,1.26649535136,0.0811919370575
2.690000,0.409372672409,-0.916077109238,-0.131262134927,0.808840911563,0.0575642847393,1.26837211192,0.0814864556918
2.700000,0.40919704767,-0.918110228043,-0.131643969283,0.808131238451,0.0577904600889,1.2693388887,0.081721215935
2.710000,0.408699646,-0.920255299921,-0.131974828349,0.807605107812,0.058014579411,1.2701054083,0.0818261979588
2.720000,0.408295748135,-0.922203717692,-0.132812127887,0.807390949978,0.0581225225698,1.27136708178,0.0822243934778
2.730000,0.4083760031,-0.923836981346,-0.133689936435,0.807076330629,0.0583526963759,1.27264096212,0.0827610959061
2.740000,0.408277379722,-0.925946774006,-0.133644099039,0.806462760901,0.0585563933969,1.27342555802,0.0826707826799
2.750000,0.407460531563,-0.928580165761,-0.133590668454,0.806109752472,0.0589637993524,1.27417312862,0.0825807182864
2.760000,0.406790731448,-0.931003462525,-0.134132033791,0.806283725597,0.0594773589577,1.27526525055,0.082884827462
2.770000,0.406548934158,-0.933425463099,-0.134690183315,0.806250954964,0.0597002578909,1.27604654717,0.0831959608933
2.780000,0.405977400619,-0.935867460356,-0.135024965365,0.806010557755,0.059890400527,1.27644953436,0.0834843014902
2.790000,0.405514600361,-0.938152736577,-0.135560350031,0.806059070836,0.0604914456747,1.27672707682,0.0838953349725
2.800000,0.405314897936,-0.940596698795,-0.136472327389,0.806401808677,0.0612816881939,1.27694090261,0.0840154376105
2.810000,0.405004385153,-0.94256437283,-0.137605512189,0.806575630541,0.0618142421187,1.27693795504,0.0838204007919
2.820000,0.404583982415,-0.944186435372,-0.138359672243,0.806415919687,0.0619134115976,1.27676481707,0.0834585018976
2.830000,0.403996500899,-0.946213292758,-0.138688584737,0.806553770273,0.0621212253238,1.27628292512,0.0826877501802
2.840000,0.403424646936,-0.948432279633,-0.139214060793,0.806990100717,0.0625179585931,1.27561128579,0.0820771044216
2.850000,0.403109527727,-0.950576244544,-0.139852503795,0.807248105673,0.0629240034164,1.27466471694,0.0821619501071
2.860000,0.402258361954,-0.952513136844,-0.140556125497,0.807282010403,0.063231500673,1.27374858422,0.0823729616688
2.870000,0.401372188652,-0.95444458518,-0.141312862499,0.807597685525,0.0635246957255,1.27311947643,0.0824488411242
2.880000,0.400994497627,-0.956555497048,-0.14163773416,0.808138734558,0.0638408875062,1.27203408911,0.0829185297877
2.890000,0.400444321448,-0.958690638491,-0.142226787445,0.808642976768,0.0639468774552,1.27115910963,0.0834281868782
2.900000,0.39936238718,-0.96071200922,-0.143169703496,0.809537074467,0.0640461805178,1.27023550449,0.0835154997122
2.910000,0.398334210715,-0.962923444573,-0.143696230653,0.810303168386,0.0643347939777,1.26894564476,0.0833415423689
2.920000,0.397450919906,-0.965078726368,-0.144292716339,0.810334482369,0.0645608311339,1.26782052484,0.0824917552627
2.930000,0.396236135816,-0.966721218735,-0.145291105089,0.810529201374,0.0646385243602,1.26645510233,0.0814623350907
2.940000,0.395107112104,-0.968335934011,-0.146305418258,0.811401833319,0.0650261930773,1.2652039769,0.0813192987291
2.950000,0.394065178428,-0.97008727358,-0.146951153636,0.812431002833,0.0652630262195,1.26413396011,0.0818661507238
2.960000,0.392988548585,-0.97172098104,-0.147438027852,0.812704769271,0.0651498598005,1.26308395512,0.0826359178184
2.970000,0.391851488069,-0.973621519798,-0.148333602654,0.81241659282,0.0654202295612,1.26175870571,0.0830464105494
2.980000,0.390474851485,-0.975585776996,-0.149165282129,0.812767729645,0.0659189801865,1.26029168985,0.0831055431573
2.990000,0.389271695911,-0.976866694708,-0.149588218264,0.813598749439,0.0661339681703,1.25930407159,0.083546007015
3.000000,0.388181297033,-0.978147151989,-0.150158202762,0.813841971882,0.066383990651,1.25881128851,0.0840473043122
3.010000,0.386979901827,-0.980160214328,-0.151065642431,0.813837243865,0.0669796458221,1.25819972892,0.0842074716018
3.020000,0.3857557047,-0.981862620438,-0.151784029301,0.814217584975,0.0671255748418,1.25704499668,0.0845547964605
3.030000,0.384452611169,-0.9828987803,-0.152376363304,0.814815950634,0.066897900078,1.25606542094,0.0851898541569
3.040000,0.383032704109,-0.984286444992,-0.153073380929,0.815155731972,0.0670715037269,1.25515212552,0.085694834962
3.050000,0.381580621269,-0.986035258107,-0.153688152561,0.815325751435,0.0673705094986,1.25406643503,0.085848002517
3.060000,0.380105841427,-0.987669089426,-0.154272264008,0.815812421318,0.0676431249268,1.25380054586,0.0861870405057
3.070000,0.378549245959,-0.989141760163,-0.155139030456,0.816309650171,0.0679450926906,1.25373032814,0.0866463206504
3.080000,0.376958124635,-0.990039943857,-0.156219661101,0.816624179671,0.0681264737947,1.25259831533,0.087088618463
3.090000,0.375556918215,-0.990919612868,-0.157382877875,0.816895313439,0.0682346291064,1.25192314019,0.0876326993056
3.100000,0.374157484557,-0.992451298325,-0.158576772676,0.81762215035,0.0683013946346,1.25190938673,0.0880974460609
3.110000,0.37248143652,-0.993824787533,-0.159649338521,0.818620239717,0.0684952282361,1.25134758276,0.088276621076
3.120000,0.370475409636,-0.994957030809,-0.160812181493,0.819224440644,0.0685884861422,1.25102711346,0.0884816725037
3.130000,0.36885613497,-0.996278760823,-0.161913928496,0.819769987834,0.0686661379052,1.25130642359,0.0890284872687
3.140000,0.367904366059,-0.997714464053,-0.16311572921,0.82037950186,0.0687626923139,1.25206400336,0.0894788383551
3.150000,0.366275454704,-0.99874106321,-0.164940658451,0.820425908686,0.068832928105,1.25274841135,0.0899061459352
3.160000,0.363645688875,-0.999441945949,-0.166733764511,0.820187557522,0.0690136136889,1.25269717037,0.0904398714454
3.170000,0.361215324767,-1.00066096329,-0.168111766364,0.820500495736,0.069193467886,1.25291876734,0.0909750805597
3.180000,0.359240212345,-1.00176269719,-0.169369873597,0.821346235636,0.0692919072785,1.2536592917,0.0915050487588
3.190000,0.357339084192,-1.00249937271,-0.170708376602,0.822056729276,0.0694347757486,1.25383655238,0.0920366128654
3.200000,0.355618297666,-1.00326907372,-0.17231878961,0.822343555555,0.0698102258898,1.25380891452,0.0924838769291
3.210000,0.353827150044,-1.00400526044,-0.174241577115,0.822758063969,0.0698580533568,1.25420584519,0.0928165344774
3.220000,0.351868104488,-1.00477837723,-0.176117669404,0.823434401393,0.0696895456071,1.25455570277,0.093147617298
3.230000,0.349788557232,-1.00527069727,-0.177758273204,0.823589828193,0.0701088002391,1.2545955822,0.093397251583
3.240000,0.347361785271,-1.00577490983,-0.179474019594,0.823489584105,0.0707046359753,1.25460133556,0.0938456520387
3.250000,0.345022930305,-1.00654547914,-0.181221403611,0.824170606669,0.0709137698877,1.2547233711,0.0946032247918
3.260000,0.342691667323,-1.00711932664,-0.182854130768,0.824914074636,0.0710475407435,1.25476628134,0.0948062632152
3.270000,0.340219427597,-1.00765758685,-0.184490095331,0.825154733686,0.0715691677296,1.25492812369,0.0947012928239
3.280000,0.337732618234,-1.00815709578,-0.186048261772,0.825351944445,0.0721680305519,1.25512670247,0.0948285807317
3.290000,0.335308821209,-1.00850181544,-0.187566989661,0.825395987137,0.0723761312043,1.25454906436,0.0950319767267
3.300000,0.332765084502,-1.00896199635,-0.189354519468,0.82578735453,0.0725063608769,1.25381725779,0.0953506645375
3.310000,0.32986710005,-1.00934323964,-0.191371569011,0.826057321828,0.0727129353655,1.25394263048,0.0957458391769
3.320000,0.327105816332,-1.00968630643,-0.193077861997,0.825939331493,0.0726085907997,1.25426001659,0.0960997976805
3.330000,0.324654240242,-1.01014531748,-0.194158802501,0.826364075669,0.072773938053,1.25376230762,0.0961417183286
3.340000,0.322081225798,-1.01052647568,-0.195236302929,0.826593634069,0.0733673687833,1.25307105669,0.0962206854809
3.350000,0.319058634137,-1.01071433944,-0.196741924835,0.826506991166,0.073650921652,1.25276941859,0.0967635889337
3.360000,0.316086958947,-1.01085943769,-0.198356564729,0.826730505738,0.0738910933128,1.2527791712,0.0975050049076
3.370000,0.313363510887,-1.01119669079,-0.200038769889,0.827293297597,0.0742465082625,1.25260415586,0.0977804451648
3.380000,0.310571784181,-1.01150407774,-0.201551024405,0.82790515172,0.074525463799,1.25217749466,0.0976925992439
3.390000,0.307597947144,-1.01157795685,-0.202522588036,0.827834016119,0.0747669600099,1.25203003876,0.0978374848727
3.400000,0.304576445649,-1.01164637718,-0.203580354271,0.827540475308,0.075194422812,1.25169616993,0.0984067414593
3.410000,0.301628865694,-1.0116432453,-0.205145061954,0.82763695322,0.0758183457267,1.25131437877,0.0988768192093
3.420000,0.298339096981,-1.01151503625,-0.206877122205,0.82818498196,0.0764800917251,1.25090473882,0.0989797146931
3.430000,0.295123956974,-1.01154040474,-0.208273012606,0.828877017199,0.0769604161371,1.2502559286,0.0990853940099
3.440000,0.292148088066,-1.01180004048,-0.209371592281,0.829281203038,0.0773081764778,1.2497562508,0.0992619918911
3.450000,0.288907493705,-1.01191965401,-0.210440127634,0.829721880805,0.0775897083335,1.24942080015,0.0994834482973
3.460000,0.285723077117,-1.01201438876,-0.211201659358,0.82983132717,0.0779639677145,1.2488966997,0.0996593902069
3.470000,0.282503992487,-1.01231969757,-0.211979942881,0.829717212264,0.0786259290154,1.24832167348,0.100022849352
3.480000,0.278963299082,-1.01224764454,-0.213150236816,0.830064377004,0.0791729429529,1.24772045469,0.100436710382
3.490000,0.27544457512,-1.01214412274,-0.214261228319,0.830622705024,0.0796378550084,1.24703028901,0.100726639734
3.500000,0.272177184477,-1.01247682692,-0.214824954461,0.830873607752,0.0799876629205,1.24686501482,0.101015087799
3.510000,0.268798368455,-1.01271395865,-0.215318521282,0.831133484027,0.0803251832388,1.24689875662,0.101375318147
3.520000,0.265415411325,-1.0125223319,-0.215813084758,0.831646395279,0.080753899709,1.24616483873,0.101779431867
3.530000,0.262211029259,-1.01226971636,-0.216118611039,0.832368904557,0.0812838948891,1.24515504418,0.101995008765
3.540000,0.258765047142,-1.01221732584,-0.216693695006,0.833163113127,0.0816113262941,1.24457993532,0.10208218641
3.550000,0.255318661772,-1.01235120709,-0.217502898083,0.833272853181,0.0815620704152,1.24413653889,0.102244066187
3.560000,0.252268469487,-1.012544328,-0.218257935416,0.833274606603,0.08173326972,1.24375277786,0.102661350646
3.570000,0.248967358575,-1.01268308448,-0.218657908554,0.833700416187,0.0823287701389,1.24364515725,0.103184663509
3.580000,0.245390394931,-1.01286940594,-0.218566673664,0.833867467103,0.0827802584235,1.24369891009,0.103467770934
3.590000,0.241746794364,-1.01287060222,-0.218489694876,0.833923869719,0.082804683546,1.24343791776,0.103737337793
3.600000,0.238125536747,-1.01281117882,-0.218909936226,0.83436097277,0.0828023734728,1.24286580939,0.103945929048
3.610000,0.234647857526,-1.01287747409,-0.219194279233,0.83511997318,0.0826417707553,1.24270176336,0.104161992708
3.620000,0.230975981676,-1.01287319216,-0.219230259429,0.835927629434,0.0828531394423,1.24294786769,0.104553503559
3.630000,0.227229780981,-1.01288895395,-0.219398773272,0.836268255513,0.0833708657359,1.24289146616,0.104759907536
3.640000,0.223602155741,-1.0132080401,-0.219884584069,0.836201760204,0.0834494351668,1.24257780512,0.105040599228
3.650000,0.220026124307,-1.01353007115,-0.220356963424,0.836401422002,0.0836020945307,1.24287182738,0.105548318521
3.660000,0.216510805951,-1.01352583215,-0.220516954968,0.836592901552,0.0839841936591,1.24383780614,0.105827598477
3.670000,0.213006063718,-1.01347013668,-0.220540462221,0.83685268071,0.0839991946778,1.24482164796,0.106076292971
3.680000,0.209704035783,-1.0135959774,-0.220570486668,0.837246920818,0.0839484852297,1.24490621282,0.106356658648
3.690000,0.206354064084,-1.01379003831,-0.220868659508,0.837760802593,0.0842071994229,1.24385238246,0.106601226925
3.700000,0.203009566816,-1.01378601871,-0.221657734284,0.838051070394,0.0842141336896,1.2434200337,0.106738041595
3.710000,0.199775045865,-1.01366046741,-0.222126875385,0.838029493209,0.0841675002713,1.24417799703,0.106805493084
3.720000,0.19613508039,-1.01373031403,-0.22203156208,0.838734962586,0.0846199088594,1.24400852859,0.107252217999
3.730000,0.192290384747,-1.01417375546,-0.222241979829,0.839175514475,0.0849341911113,1.24343812328,0.107707086464
3.740000,0.188628845959,-1.01429569898,-0.222708648161,0.839562047584,0.0845086617079,1.24344180601,0.108014844768
3.750000,0.185016059711,-1.01385842178,-0.222931333153,0.840044298087,0.084169588827,1.24351871749,0.108087959289
3.760000,0.181213925365,-1.01378383305,-0.223201025994,0.840054105859,0.08425647481,1.24346444235,0.108198552807
3.770000,0.177416195913,-1.01410048182,-0.223610163161,0.839882964566,0.0846935317342,1.24354478727,0.108457984368
3.780000,0.173895332913,-1.01417446984,-0.223873626786,0.839904233321,0.0850878663934,1.24380186435,0.108830805943
3.790000,0.170397006678,-1.01422793518,-0.224033209411,0.840611287268,0.0849710461675,1.24382469323,0.109334758289
3.800000,0.16654099144,-1.01423411748,-0.224476930553,0.841472034571,0.0851488649277,1.24370382049,0.109524466796
3.810000,0.162494497805,-1.01409508064,-0.224900290484,0.84197327231,0.0855588958638,1.24383884804,0.109567837635
3.820000,0.158638258208,-1.01396839418,-0.224968788022,0.841970051744,0.0859192005672,1.24379089691,0.10968837915
3.830000,0.15484969054,-1.01376452192,-0.225172912113,0.842187184631,0.0859496410401,1.24336124404,0.109919040339
3.840000,0.151211207431,-1.01344921963,-0.225375996011,0.842678619162,0.0859266725248,1.24297419541,0.110105977012
3.850000,0.147694479272,-1.01324087954,-0.225644115525,0.84279356936,0.0863104351687,1.2427340743,0.110210444483
3.860000,0.143547210828,-1.01343343976,-0.225968234316,0.842804602671,0.0863826745982,1.24261302857,0.110514163219
3.870000,0.139256464263,-1.01367739847,-0.226114241233,0.842623343462,0.0863084895035,1.24268569797,0.110874735249
3.880000,0.135277473564,-1.01344482468,-0.226177882434,0.843162743859,0.0864405698298,1.24277784746,0.111057503634
3.890000,0.131660006489,-1.01309595142,-0.226375806906,0.843906278597,0.086799453928,1.24296244046,0.111219549048
3.900000,0.128439514882,-1.0132202801,-0.226700097463,0.844274188224,0.0869571884111,1.24275574515,0.111640352337
3.910000,0.124722930985,-1.01340385714,-0.22707799856,0.844491401288,0.0871023239837,1.24229460751,0.112008994228
3.920000,0.120550520139,-1.01335032521,-0.227112978942,0.844719490635,0.0871985231199,1.24230877203,0.112175456196
3.930000,0.116414403583,-1.0132110312,-0.22739622342,0.845232489702,0.0869204855083,1.24238421917,0.112154157939
3.940000,0.11183838137,-1.01350706858,-0.228175567648,0.845432828168,0.0870901523441,1.24234900699,0.112246727209
3.950000,0.107839687959,-1.01371835183,-0.22833174436,0.845541578067,0.0872223149639,1.24234794751,0.11276873615
3.960000,0.104803386243,-1.01340260682,-0.228008730155,0.845914318766,0.0871553692873,1.24243803749,0.113098286648
3.970000,0.101066114104,-1.0131850275,-0.227984425831,0.846534078171,0.0876213135572,1.24238961554,0.113295376466
3.980000,0.0967121289425,-1.01324386146,-0.228422870487,0.846993596192,0.0881553936951,1.24240413052,0.113718861046
3.990000,0.0927026922249,-1.01336452824,-0.22881325976,0.846800759921,0.0878510241515,1.2424811875,0.113705976011
4.000000,0.0895236525086,-1.01360961132,-0.22895126152,0.846278962665,0.0876105887201,1.24257156847,0.113708889512
4.010000,0.086567341205,-1.01387038695,-0.229291300133,0.84645513964,0.0877884645885,1.24281886809,0.114052248506
4.020000,0.0827972306662,-1.01405388886,-0.229586090767,0.847288296717,0.0877930956006,1.24275949472,0.114285205241
4.030000,0.0791460135612,-1.0140651574,-0.229675897103,0.8476193942,0.087880341213,1.24230595534,0.114488092791
4.040000,0.0756072962658,-1.01398053682,-0.229877546308,0.847713378531,0.0879681339739,1.24248758859,0.114721087606
4.050000,0.071834866515,-1.01409931763,-0.229748122778,0.847947918551,0.0881041362744,1.24289722458,0.114916283239
4.060000,0.0683089445243,-1.01434268438,-0.229772051025,0.848120243238,0.088609614629,1.24277205895,0.115083948431
4.070000,0.0650345321649,-1.01454008107,-0.229966641044,0.84822588016,0.088750939711,1.24266741219,0.115154776861
4.080000,0.0612946124453,-1.01459628395,-0.230249343916,0.848319283821,0.0889493316015,1.24238740486,0.115365355477
4.090000,0.0571432619724,-1.01471196756,-0.230637337394,0.84813461792,0.0892278327405,1.24170113017,0.115634462226
4.100000,0.0538395641568,-1.01489449027,-0.230644997954,0.848050852648,0.0890254483801,1.24206062302,0.115969460923
4.110000,0.051202409857,-1.01496778369,-0.230718380971,0.848648066252,0.089032316696,1.2427408691,0.116194288558
4.120000,0.0475229850269,-1.01506300581,-0.231155372038,0.849164108559,0.0893448317333,1.24270300163,0.116381808545
4.130000,0.0433440650547,-1.01520572987,-0.231585337456,0.84938820572,0.0894670509075,1.24218397602,0.116546274806
4.140000,0.0394288485117,-1.0150176428,-0.231740291434,0.849611011459,0.0892847036489,1.24222759761,0.116603701413
4.150000,0.0360422364257,-1.01491468191,-0.231743002047,0.849949545433,0.0893764521087,1.24274817518,0.116864528909
4.160000,0.0329788050415,-1.01526132023,-0.231991939389,0.850481356661,0.0899011508711,1.24284943311,0.117250705949
4.170000,0.0295654712268,-1.01532454846,-0.232328677649,0.850922326936,0.0899676569279,1.24273872395,0.117538515009
4.180000,0.0260032662971,-1.01496047086,-0.232604831933,0.851246523925,0.0898685972456,1.24292847735,0.117552573948
4.190000,0.0228308963931,-1.01493770513,-0.232683827503,0.851500773627,0.0899029145835,1.24298700589,0.11754622612
4.200000,0.0197155950104,-1.01476785619,-0.232922817586,0.851793214135,0.0901172781879,1.24360777325,0.117614813607
4.210000,0.0166397527466,-1.0144109849,-0.232926247777,0.852244256559,0.0901475515942,1.24410679417,0.117846903407
4.220000,0.0137767156963,-1.01415209946,-0.233036220647,0.852272088942,0.0900102134734,1.24432032111,0.118132748975
4.230000,0.0108050340289,-1.0140951691,-0.233419262209,0.852392817646,0.0902970120923,1.24466248973,0.118084918713
4.240000,0.00780602897323,-1.01429537674,-0.233475189157,0.852843366282,0.0904899111669,1.24443598593,0.118058203813
4.250000,0.00475329636328,-1.01434772295,-0.233652673081,0.853328254039,0.090463411841,1.24424537278,0.118412424469
4.260000,0.00166522221876,-1.01439982091,-0.233817848607,0.853500500458,0.0905991928507,1.24425878001,0.118660775956
4.270000,-0.00112266623766,-1.01445167083,-0.233407077223,0.853557893415,0.0909041482828,1.24445676325,0.118573416059
4.280000,-0.0036600157311,-1.01444695585,-0.233194952279,0.853762968145,0.0910747595329,1.2446372228,0.11862553251
4.290000,-0.00583984409342,-1.01425881119,-0.233628697273,0.85396684297,0.0910103899307,1.24437734045,0.118409604034
4.300000,-0.00786517666051,-1.01403260458,-0.234268770009,0.854224692041,0.0909943262723,1.24420403528,0.118148477501
4.310000,-0.0102042328622,-1.01411692193,-0.234521020205,0.854554188781,0.0911867506271,1.24454747592,0.118222447917
4.320000,-0.0122312133039,-1.01431833255,-0.234439186242,0.854721575011,0.0912101997911,1.24440837438,0.118258819096
4.330000,-0.0140263730871,-1.01442374388,-0.234316329206,0.854825306061,0.0914681376265,1.24408207839,0.118764213315
4.340000,-0.0160276902104,-1.01465726165,-0.234668887009,0.855206570828,0.0916828292519,1.24448197232,0.119128078805
4.350000,-0.0177735010319,-1.01474959914,-0.235415543571,0.855445736597,0.0915729590951,1.24458267719,0.11876885932
4.360000,-0.0195284594641,-1.01459439832,-0.235654979353,0.85532902626,0.0915922831636,1.24447823928,0.118668279632
4.370000,-0.0214739679868,-1.01483415537,-0.235395383034,0.855456181338,0.0919001059147,1.24477362863,0.118877524534
4.380000,-0.0233600355529,-1.01521317638,-0.235289606946,0.855930956454,0.0922452818147,1.2451041506,0.119262001404
4.390000,-0.024980245176,-1.01523909123,-0.235394396268,0.856092671715,0.0921021161878,1.24574363849,0.119674650693
4.400000,-0.0261096458086,-1.01536226933,-0.235588284802,0.856079087437,0.0920177489187,1.24623547054,0.120079444073
4.410000,-0.0270477796565,-1.01556902286,-0.235689738621,0.855981831027,0.0923979666635,1.24646006973,0.119990120119
4.420000,-0.0279247566063,-1.01579669245,-0.235835289157,0.855546606658,0.092536323358,1.24712315276,0.119777244388
4.430000,-0.0289643304867,-1.01587206808,-0.235907694754,0.855060973407,0.0920838252741,1.24802002368,0.120107157075
4.440000,-0.030031065418,-1.01612591412,-0.236338613312,0.854835295134,0.0920456140808,1.2487810909,0.12050903387
4.450000,-0.0306924542383,-1.01640648087,-0.236560406011,0.854863565471,0.0926049713719,1.2490521213,0.120784691234
4.460000,-0.0313101612881,-1.01684149031,-0.23681101418,0.855464055351,0.09300409525,1.24960955742,0.120901475811
4.470000,-0.0320423408309,-1.01722555361,-0.236904254418,0.856272140674,0.0928592279193,1.25032377672,0.120705900111
4.480000,-0.0328155490987,-1.01737671203,-0.236837447046,0.856506633302,0.0927933931364,1.25106604448,0.120795575767
4.490000,-0.0333337336617,-1.01724078941,-0.237292277368,0.856869880535,0.0926996583284,1.2523522486,0.121169452824
4.500000,-0.0333779088996,-1.01713136055,-0.237662751945,0.857205316188,0.0928109215898,1.25355339846,0.121645097691
4.510000,-0.033775330049,-1.01717699173,-0.237907674912,0.857232908001,0.0929728254768,1.25434137118,0.121758680409
4.520000,-0.033936149341,-1.01717208767,-0.23790067649,0.857068642907,0.0933985565739,1.2552131419,0.121891526074
4.530000,-0.033570257678,-1.01708624276,-0.237512321449,0.857397125146,0.0936919882756,1.25607889024,0.122289147249
4.540000,-0.0335745847544,-1.01720440812,-0.237777430359,0.857892725773,0.0937577980353,1.25700301497,0.122431078357
4.550000,-0.0338029141549,-1.0174392704,-0.238126912931,0.857932026846,0.0933762453575,1.25774179231,0.122297478665
4.560000,-0.0336744665167,-1.01709954544,-0.23825979316,0.858263994052,0.0931894402472,1.25879906533,0.122614917243
4.570000,-0.0332861674872,-1.01666756208,-0.238532655501,0.85829052567,0.0935908919001,1.2605593809,0.122675732392
4.580000,-0.0328937711586,-1.01676024946,-0.238555889581,0.858018209372,0.0937226926218,1.26173597754,0.122569371125
4.590000,-0.0320918315951,-1.01698441855,-0.238775118156,0.858068737981,0.0938906441857,1.26318404006,0.122765792114
4.600000,-0.0312440561482,-1.01723639918,-0.238757209054,0.858559683496,0.0937263506357,1.26500927621,0.123242465473
4.610000,-0.0308774719133,-1.01745963577,-0.238841387952,0.858728345225,0.0934002060691,1.266864713,0.123492693077
4.620000,-0.0300080944377,-1.01756962334,-0.239352406647,0.858895985824,0.0935374677982,1.26898728648,0.12395859148
4.630000,-0.0287741049941,-1.01734769921,-0.23926716816,0.859109900718,0.0934495896954,1.27146920135,0.124159762677
4.640000,-0.0280680631792,-1.01733127031,-0.238958144459,0.859596426467,0.0931292353397,1.27363871978,0.123837075746
4.650000,-0.0276938965532,-1.01733939643,-0.239267241571,0.860367714581,0.093248082865,1.27555615947,0.123889811252
4.660000,-0.0271870045062,-1.0171028764,-0.239558612689,0.860659871307,0.0938073508618,1.27735939995,0.124289045619
4.670000,-0.026148664827,-1.01732423489,-0.239686566053,0.860449988245,0.0943412335923,1.27969860837,0.124289144378
4.680000,-0.0247697871063,-1.01752976708,-0.239813765825,0.860384811329,0.0940924197968,1.28217899528,0.124242200513
4.690000,-0.0237044151668,-1.01752506799,-0.239893897149,0.860249219128,0.0941241931001,1.28477231423,0.124372710623
4.700000,-0.0224680924197,-1.01738731766,-0.239886209319,0.860471239176,0.0941141786067,1.2875472574,0.124356516387
4.710000,-0.0211336038514,-1.01735762444,-0.239979905951,0.861065381821,0.0942460951896,1.2900595983,0.124548414648
4.720000,-0.0200035840075,-1.01771122701,-0.240135425293,0.861745961148,0.0941143881423,1.29178662524,0.12491804645
4.730000,-0.0185827121245,-1.01790025702,-0.2403191575,0.862274539595,0.0937896079303,1.29342822444,0.125269567449
4.740000,-0.0174508123491,-1.0178671997,-0.240784883427,0.862744837874,0.09413153692,1.29478920214,0.125132287753
4.750000,-0.0161470160049,-1.01826497249,-0.241118451421,0.863601364298,0.0942726484789,1.29537763971,0.125134020244
4.760000,-0.0147308849661,-1.01863497843,-0.241373512059,0.864339670228,0.0943752645943,1.2953217069,0.12569512782
4.770000,-0.0135458439767,-1.01871942968,-0.241524894498,0.864848875063,0.094734289198,1.29511530095,0.126147476088
4.780000,-0.0126660819631,-1.0189372845,-0.241747669266,0.865376700606,0.0946750002302,1.29507396613,0.126349318977
4.790000,-0.0116480989074,-1.01909825803,-0.242301447678,0.865661221549,0.0947611161344,1.29494452858,0.125964357985
4.800000,-0.0100691585048,-1.01900203609,-0.242394176797,0.865754692155,0.0949136313263,1.294375599,0.12585707086
4.810000,-0.00853099730223,-1.01900814429,-0.242091218897,0.865688530926,0.0946744500135,1.29333479476,0.126349005998
4.820000,-0.00745736793366,-1.01912364019,-0.241852640589,0.866157450333,0.0946300348788,1.29271224427,0.126779271152
4.830000,-0.00625590614243,-1.01926295366,-0.241675441743,0.866630963878,0.0950476341403,1.29248627778,0.126693730211
4.840000,-0.00515616500699,-1.01932644673,-0.242054761413,0.866650808863,0.0953307257739,1.29202402907,0.126481683243
4.850000,-0.00441503129005,-1.01916149599,-0.242564879862,0.866887226683,0.0956220422913,1.29167348104,0.1264463901
4.860000,-0.00343474546692,-1.01919028013,-0.242691459395,0.866844500444,0.0960800416713,1.29147596805,0.126662225174
4.870000,-0.00227648768802,-1.01901727327,-0.243057670305,0.866691386343,0.0963705220029,1.29160729891,0.127022786784
4.880000,-0.00145639089798,-1.01892072237,-0.243407537783,0.867010397709,0.0962519329916,1.29161306959,0.126964600398
4.890000,-0.000471915128382,-1.01896482396,-0.242737219161,0.867322220479,0.096434330891,1.29175368717,0.126540432533
4.900000,0.000547831805192,-1.01908707115,-0.242907591169,0.867587581978,0.0969480309641,1.2918439639,0.126367603284
4.910000,0.00169641385765,-1.01872915296,-0.243452748005,0.868216952085,0.0971261205201,1.29167140497,0.125877700338
4.920000,0.0028322867278,-1.0182880568,-0.243380337295,0.868690691423,0.0973524891172,1.29156121192,0.125767059491
4.930000,0.00375011496134,-1.01824663049,-0.243063639398,0.868738344113,0.0971578032119,1.29130408692,0.125968353625
4.940000,0.00452613153566,-1.01814459988,-0.242902594176,0.869186535026,0.0974943777457,1.2908708495,0.12610197255
4.950000,0.00538348916166,-1.01797345007,-0.243062819066,0.869405963565,0.0975498303845,1.29115386863,0.126529700613
4.960000,0.0066771956542,-1.01796324164,-0.243607933474,0.86905698811,0.0971941090922,1.29145415481,0.126477997901
4.970000,0.00791353547505,-1.01769197254,-0.243533655999,0.869065068753,0.0970284642278,1.29136938216,0.126471327187
4.980000,0.00874525378794,-1.01781128848,-0.243254010383,0.869627761819,0.0973169123704,1.29190403401,0.126731087314
4.990000,0.00984685035249,-1.01829383053,-0.243261312276,0.870285032041,0.0980365298225,1.29260250192,0.126850198115
5.000000,0.0111478535111,-1.01832390627,-0.243622843654,0.870762567093,0.0980981512133,1.2929561739,0.126759941122
5.010000,0.0122332473155,-1.01800938615,-0.244389292319,0.870931965711,0.0979871822451,1.29327270206,0.126744288702
5.020000,0.0132735463292,-1.01808199754,-0.244590496183,0.871275004474,0.098050624496,1.29330010563,0.126903738631
5.030000,0.0139962562955,-1.01825339959,-0.244168423936,0.871792109968,0.0981519680645,1.29281812451,0.127296821706
5.040000,0.0147488309232,-1.01832622644,-0.243917778275,0.872383451777,0.098315560958,1.29260608253,0.127316036509
5.050000,0.0157720417706,-1.01832189597,-0.244019607488,0.873210492624,0.0981663196865,1.29292462377,0.127432428885
5.060000,0.0166170955168,-1.01832072592,-0.244120813864,0.87394369895,0.0978112688083,1.29292955265,0.127829447841
5.070000,0.0172150271159,-1.01804050872,-0.244333873607,0.874493762323,0.0981461078005,1.29314710254,0.127671231996
5.080000,0.0182569305435,-1.01803488565,-0.244996035519,0.875396442805,0.098462787414,1.29375401818,0.127821028251
5.090000,0.0194368286013,-1.01810731306,-0.245726829618,0.876334138754,0.0984088517373,1.29452652395,0.128391060646
5.100000,0.0200825534783,-1.01813845889,-0.245578759131,0.877445193704,0.0983360406422,1.29474978715,0.12833305846
5.110000,0.0206184939336,-1.01834929412,-0.244971906417,0.878733122737,0.0980377348682,1.29471195623,0.128091453367
5.120000,0.0214259480479,-1.01827498431,-0.244857231623,0.879909376405,0.0983465476569,1.29507122822,0.12827607329
5.130000,0.0222710222721,-1.01778554383,-0.245542993274,0.880635377499,0.0987182196376,1.29532128681,0.128629203232
5.140000,0.0229980035402,-1.01724431281,-0.24579909651,0.881208759846,0.0989619223203,1.29606294334,0.128613040241
5.150000,0.0241046818646,-1.01710297585,-0.245218126986,0.88224261435,0.0988766068556,1.29684670372,0.128359918973
5.160000,0.0249050902711,-1.01695578566,-0.245342863584,0.883142989813,0.0990734124854,1.29679167818,0.128685301996
5.170000,0.0251906948809,-1.0169881367,-0.245790975186,0.883891329802,0.0991019904137,1.29619247121,0.128898696878
5.180000,0.0259304114667,-1.0169495615,-0.246064884511,0.884922891726,0.098770254424,1.29584359507,0.128875563332
5.190000,0.0271569439033,-1.01656480018,-0.246158110978,0.885752199895,0.0985075354322,1.29584135602,0.128831208265
5.200000,0.0280143794184,-1.01585490596,-0.246250762539,0.886080170586,0.0985578777906,1.29623466544,0.129257402174
5.210000,0.0284077262729,-1.01535055925,-0.246376886871,0.88646831124,0.0987957114044,1.29676754197,0.129371897123
5.220000,0.029275016279,-1.01510075527,-0.246574364983,0.887280408622,0.0988854778109,1.29727261673,0.12926367762
5.230000,0.0301929279282,-1.01464685366,-0.246568183806,0.888004102188,0.0991142983231,1.29742502629,0.129196172117
5.240000,0.0311671646247,-1.01430379322,-0.246539358957,0.888526729592,0.0992855468854,1.29742901975,0.129185222194
5.250000,0.0317613355039,-1.01441852075,-0.246542314428,0.889347195413,0.0990611015496,1.29757280728,0.129635328596
5.260000,0.0325331849741,-1.01386482564,-0.246428314574,0.88988804463,0.0990289836498,1.29766033818,0.130038313531
5.270000,0.0332999622771,-1.01293455281,-0.246883589114,0.890308297794,0.0991041208294,1.29728587608,0.12986149561
5.280000,0.0341279583902,-1.01235350888,-0.246938621732,0.890608605158,0.0988913441259,1.29692437939,0.1299099013
5.290000,0.0351332882459,-1.01243939662,-0.246853440337,0.890628338619,0.0994312235199,1.29710143816,0.130237850723
5.300000,0.0357666350006,-1.01247087957,-0.246789544403,0.891283442608,0.0998943865501,1.29736467876,0.130327836431
5.310000,0.0361001772846,-1.01174374057,-0.247048569419,0.892081999294,0.0998709393982,1.2971445015,0.130580462534
5.320000,0.0368543656751,-1.01138633303,-0.247287728404,0.892198193149,0.0997634315964,1.29654418454,0.13060199453
5.330000,0.0374385326237,-1.01102841995,-0.247265015802,0.89205290856,0.0994461005457,1.29619219381,0.130936377513
5.340000,0.0383742448513,-1.01060735214,-0.247446093871,0.891842497021,0.099498161301,1.29621424083,0.131106755316
5.350000,0.0393964626923,-1.00987495816,-0.247588071883,0.891746376003,0.0995498945115,1.2967165622,0.130820879516
5.360000,0.0399614631616,-1.00900353372,-0.247471506277,0.892095749408,0.0996320827962,1.2970007365,0.131073329365
5.370000,0.0403066184735,-1.00856903787,-0.247710397631,0.892509279602,0.0998240061811,1.29666183363,0.130998102632
5.380000,0.0410198005272,-1.00808450672,-0.247652108772,0.89281150005,0.0999204050461,1.29643384577,0.130876603572
5.390000,0.0417574512794,-1.00749646269,-0.247719299342,0.892724432015,0.0998973036703,1.29653642095,0.130858682383
5.400000,0.0426321566551,-1.00718510935,-0.248017703596,0.892823543526,0.0998221705615,1.29619845301,0.13107864725
5.410000,0.0435502715091,-1.00677745657,-0.248240216913,0.892922057009,0.0996944320054,1.2959955476,0.131380092177
5.420000,0.044386576998,-1.00646528616,-0.248309116986,0.892990617042,0.100074544224,1.29630101076,0.131284807724
5.430000,0.0451228334886,-1.00606061115,-0.24805922387,0.892916963224,0.100140950462,1.29632241627,0.13137771223
5.440000,0.0457612759592,-1.00574886646,-0.248120999904,0.892882500346,0.0999432139185,1.29627958055,0.131498849553
5.450000,0.0464328252263,-1.00531704971,-0.248389542408,0.893320200189,0.0996780741593,1.29641646455,0.131733548095
5.460000,0.0467772875844,-1.00483622642,-0.248412174358,0.893795150634,0.0995453123437,1.29624986369,0.131872182722
5.470000,0.0473993404721,-1.00420523648,-0.248265515963,0.89391898355,0.0999261132,1.29620471315,0.131941747059
5.480000,0.0480868876683,-1.00378045673,-0.248529089257,0.894126185125,0.10005173709,1.29640046178,0.132222493377
5.490000,0.0485604777089,-1.00349925845,-0.248681293671,0.894011924618,0.100223228257,1.2965753115,0.13233973796
5.500000,0.0492192554498,-1.00336870166,-0.248084466588,0.893498048978,0.100563440491,1.29685509322,0.132598764223
5.510000,0.0498736855156,-1.00268222564,-0.248644573092,0.893918051761,0.100847532843,1.29665404263,0.132795070391
5.520000,0.0505237958896,-1.00266419271,-0.249122412051,0.894916344939,0.100955520688,1.29602556796,0.132398931849
5.530000,0.0511424736951,-1.00263364177,-0.248979056194,0.895002305019,0.100426980851,1.2955257978,0.132108350659
5.540000,0.0516948050874,-1.00198693984,-0.248910914034,0.894730412424,0.100445943408,1.29548428973,0.132503841538
5.550000,0.0525967495117,-1.00168796758,-0.248936661147,0.894602225768,0.100348024516,1.29601590532,0.132442411802
5.560000,0.0534684411616,-1.00236473851,-0.249113319224,0.894549071079,0.100370311299,1.29618592296,0.132169319241
5.570000,0.0537365544992,-1.00263412459,-0.249450011003,0.894614585324,0.100556500052,1.29616351528,0.132423964276
5.580000,0.0545054375029,-1.00227608979,-0.249712684097,0.894947059917,0.100287660638,1.29611596681,0.132676141109
5.590000,0.0551506737041,-1.00233020988,-0.249138016185,0.895347192451,0.100139963282,1.29592487709,0.1326431487
5.600000,0.0555985362155,-1.00250117353,-0.24932865568,0.895655091603,0.100548553541,1.29568189018,0.132870424353
5.610000,0.0563548706393,-1.0025017239,-0.249955871848,0.895471443094,0.100786174029,1.295542037,0.133340620301
5.620000,0.0569389199761,-1.00202155112,-0.249809129057,0.895123299115,0.100805427518,1.29568983415,0.133422737636
5.630000,0.0570615264347,-1.00180364219,-0.249398057313,0.89510680805,0.100705067598,1.29617619026,0.13352922905
5.640000,0.0576549572286,-1.00190639154,-0.249413334473,0.895612666953,0.10069657182,1.29603765733,0.133755115711
5.650000,0.0589335879188,-1.00207467835,-0.249897137266,0.895502079981,0.100789324456,1.29577114397,0.133839847748
5.660000,0.059583916872,-1.00247082222,-0.250061611164,0.895562277175,0.100851365866,1.29577929566,0.133603645135
5.670000,0.0597753125885,-1.00230438971,-0.249872182101,0.895477683867,0.10138046371,1.29560882024,0.133797357739
5.680000,0.0603366636404,-1.00205891645,-0.249688459534,0.895364671615,0.101454766337,1.29587888534,0.134100726665
5.690000,0.0607727933575,-1.00253770404,-0.25014925165,0.895447666215,0.100935619221,1.29591498162,0.133936042526
5.700000,0.0613438507037,-1.00318691649,-0.25021687978,0.895530146645,0.100850603873,1.29549902914,0.133749205764
5.710000,0.0622370793725,-1.00301473476,-0.250284077428,0.895589121549,0.101350752736,1.29547905616,0.133913245542
5.720000,0.0627135055768,-1.00304015337,-0.250350847116,0.89547974939,0.101647143861,1.29548215509,0.134390857166
5.730000,0.0631952662136,-1.00313405789,-0.250440079919,0.895240316446,0.101290964577,1.29558459214,0.134123959294
5.740000,0.0640084577837,-1.00361804342,-0.250629196601,0.895413527887,0.10133130076,1.29540541632,0.134147074798
5.750000,0.0644913300642,-1.00394733783,-0.250646502709,0.895555367199,0.101349238254,1.29486575097,0.134275654351
5.760000,0.0649322295698,-1.00390822596,-0.250893997618,0.895258533805,0.101266042682,1.29502687535,0.134318900631
5.770000,0.0652731353417,-1.00433176822,-0.251130418693,0.895505243573,0.101397502921,1.29569856684,0.134571243646
5.780000,0.0661438813274,-1.00433424081,-0.250688308725,0.895761708783,0.101544181452,1.29570054776,0.134477925281
5.790000,0.06657414209,-1.00419089742,-0.250839079664,0.89567253562,0.101517595503,1.29498963367,0.134372753471
5.800000,0.0668588838437,-1.0040356313,-0.25069014757,0.89557111804,0.101914495518,1.29490446225,0.134613026472
5.810000,0.067428944522,-1.00422642961,-0.251080469897,0.895795060352,0.101618685157,1.29528783001,0.134906942596
5.820000,0.0678006936051,-1.00447049645,-0.251030347033,0.895885941012,0.101235628547,1.29528935561,0.135105999848
5.830000,0.0686418284327,-1.00466014314,-0.250833613446,0.895635431221,0.101149307126,1.29541660109,0.135026037342
5.840000,0.0694064935127,-1.00486698142,-0.250969836366,0.895822984278,0.101318179598,1.2954345202,0.134562674788
5.850000,0.0697471544968,-1.00472372803,-0.251142225102,0.896134885838,0.101778425606,1.29519531759,0.134744473609
5.860000,0.0703941123278,-1.00454240806,-0.251444899271,0.896043781609,0.101963082456,1.29503020109,0.13505649137
5.870000,0.0708381427014,-1.0045263876,-0.251321856751,0.896411560549,0.102037031476,1.29493706762,0.134942726442
5.880000,0.0714401576445,-1.00419734171,-0.251548256825,0.896599709814,0.101831286623,1.29479145023,0.135178338596
5.890000,0.0725214017301,-1.00370386619,-0.251792600799,0.896578323074,0.101554986835,1.29438584996,0.135431829624
5.900000,0.0727128513294,-1.00398302095,-0.251648214101,0.896892941968,0.101368503403,1.29449727772,0.135371823093
5.910000,0.0729392826271,-1.00430158143,-0.251171603926,0.896744720415,0.10179124878,1.29431894373,0.135551163309
5.920000,0.0733123736185,-1.00406164896,-0.250839101373,0.896722570784,0.102196600838,1.29356334959,0.135845190932
5.930000,0.0734290118542,-1.0041257646,-0.251063019542,0.897229453409,0.102366110072,1.29311311155,0.135576134908
5.940000,0.0742523566022,-1.00394124982,-0.251327320285,0.897977428264,0.10179273977,1.29289502104,0.13575009702
5.950000,0.0751339467387,-1.00394571477,-0.251385015662,0.897974010058,0.101487249279,1.29234278803,0.136060990042
5.960000,0.0754717880676,-1.00378431002,-0.251460079108,0.89791937797,0.102009717625,1.29191570126,0.135903394625
5.970000,0.0759293905595,-1.00346773622,-0.251716991365,0.897574717381,0.102133643017,1.29188283252,0.135803420713
5.980000,0.0767626795861,-1.00361321233,-0.252293181592,0.897610264076,0.102266883017,1.29171899835,0.135679136381
5.990000,0.0772467224014,-1.00401453304,-0.252581189405,0.897349110566,0.102052526788,1.29162849413,0.135875398233
6.000000,0.0771992808295,-1.00374051885,-0.252264413263,0.897019920315,0.102311624957,1.29154343667,0.135852273
6.010000,0.0774510882748,-1.00367635913,-0.25211205019,0.897220600042,0.10247811229,1.29159240876,0.13583116486
6.020000,0.0784038432107,-1.00412657097,-0.252183588074,0.897181814132,0.102421840497,1.29199938504,0.136291169683
6.030000,0.0787890178741,-1.00426200542,-0.252386485791,0.897013875158,0.102351765987,1.29146317222,0.136205850039
6.040000,0.0786745149471,-1.00399568564,-0.252483916267,0.897420551485,0.102619620365,1.29121380805,0.136225234001
6.050000,0.0795957189282,-1.00339228524,-0.252330001752,0.897365140737,0.102295044844,1.29155676343,0.136480095735
6.060000,0.0803454281739,-1.00339736879,-0.252368565386,0.896999957247,0.102299048568,1.29158610256,0.136392714849
6.070000,0.0803762161054,-1.00326809334,-0.252272565406,0.896901451162,0.102690973993,1.29137643929,0.136422915985
6.080000,0.0808389333488,-1.00325669378,-0.252294237739,0.896712264234,0.102769373213,1.29154089775,0.136828323375
6.090000,0.0814192466295,-1.00365090001,-0.252707012039,0.896299546362,0.102576695741,1.29191537843,0.136771280075
6.100000,0.0817442426818,-1.00386629339,-0.252776682372,0.895881672049,0.102459557113,1.29226071687,0.136439644172
6.110000,0.0817748641312,-1.00374976925,-0.252317552253,0.895993272157,0.102458025202,1.29230780558,0.136799201528
6.120000,0.0823746823598,-1.00389905488,-0.252288569245,0.895846452425,0.102850346547,1.29220600088,0.136952678928
6.130000,0.0830053917491,-1.0044621623,-0.252912363722,0.89588154124,0.102901480543,1.29191354798,0.136602487123
6.140000,0.0832720386144,-1.00422534016,-0.253058044458,0.895617267035,0.102415854004,1.29125106093,0.136824784492
6.150000,0.0835118229395,-1.00393482661,-0.253499554215,0.895245528282,0.102337122728,1.29108689669,0.13709431921
6.160000,0.0842486694275,-1.00439709989,-0.253747854346,0.895132547208,0.102648979444,1.29102066819,0.137139130375
6.170000,0.0849371989585,-1.004592211,-0.252774882133,0.894816696819,0.102641277064,1.29126299158,0.137033425824
6.180000,0.0851428730309,-1.00497470261,-0.252611299377,0.894652858979,0.103035843017,1.29172743381,0.136889636815
6.190000,0.0855590529606,-1.00504221147,-0.252660691712,0.894527852537,0.10309169617,1.29217627919,0.137121006663
6.200000,0.0859724579749,-1.00483364611,-0.252747188469,0.894024932613,0.102607409422,1.29179884373,0.137541379539
6.210000,0.0863831062184,-1.00468864648,-0.253248817857,0.893318446106,0.102556935343,1.29170986762,0.137649238254
6.220000,0.0867910157205,-1.00448158097,-0.253473005567,0.892788701615,0.10330679533,1.29159650775,0.137479853128
6.230000,0.0872192877947,-1.00433718656,-0.253166167771,0.892622797777,0.103302385444,1.29130455882,0.137372898958
6.240000,0.0879204431157,-1.00415600389,-0.253176567127,0.89252047903,0.102990134194,1.29133690669,0.137211496105
6.250000,0.0882676507184,-1.00450543023,-0.25289036576,0.892355113612,0.103137412036,1.29095766024,0.137266021104
6.260000,0.0880173600506,-1.00511219171,-0.253215009147,0.892241799537,0.102911001651,1.29089836191,0.137342480812
6.270000,0.0885635251543,-1.00518495364,-0.253075823531,0.89187820096,0.103439420731,1.29127670505,0.137710080825
6.280000,0.0890093595739,-1.00498600447,-0.253579255753,0.891053855899,0.103270991219,1.29164214323,0.138013912723
6.290000,0.0891819836263,-1.00500288595,-0.253790844251,0.889922826651,0.102755549191,1.29184636931,0.137536949615
6.300000,0.089588484867,-1.00503941674,-0.253192315762,0.889545203207,0.103200044742,1.29182409086,0.137324976345
6.310000,0.090275441616,-1.00536907065,-0.253389387478,0.889593238198,0.10291486373,1.29160938137,0.137757006559
6.320000,0.09076895627,-1.00564951092,-0.253480944513,0.889508880628,0.10267859936,1.29073242372,0.138036567357
6.330000,0.0907319724821,-1.00528693013,-0.25315645598,0.889634831153,0.103075722112,1.28987007609,0.138231061533
6.340000,0.0914175653271,-1.00508526519,-0.253137903566,0.889495979143,0.103180027657,1.29018121447,0.138177536468
6.350000,0.0919083745661,-1.00510146474,-0.253249487635,0.888972922073,0.103443184663,1.29061539049,0.137791328256
6.360000,0.0918265414333,-1.00514317494,-0.253249449858,0.888991165832,0.103662684039,1.29076478377,0.137850579031
6.370000,0.0920436762592,-1.00564202016,-0.25383500453,0.888406420053,0.103191266192,1.29095475988,0.13805283185
6.380000,0.0923517283783,-1.00631701242,-0.254318036091,0.88877675207,0.103445675558,1.29061277332,0.138161368132
6.390000,0.0929348349988,-1.00634019671,-0.254353435874,0.889101688227,0.103625051495,1.2900027964,0.138007524992
6.400000,0.0932883525842,-1.00649168938,-0.2542275763,0.888767492438,0.103694886839,1.28978745417,0.138369898748
6.410000,0.0934956836159,-1.00624998711,-0.253897320706,0.888440516627,0.103182820553,1.29009799725,0.138700020774
6.420000,0.0939380267341,-1.00576310694,-0.254025215528,0.888250355964,0.10293314574,1.29053983361,0.138528255008
6.430000,0.0944246544338,-1.00601141225,-0.254199504148,0.887665445285,0.103344627868,1.29082657308,0.138583824292
6.440000,0.0943298990256,-1.00618115866,-0.253800136283,0.886825767956,0.103587999964,1.29077007687,0.138792157872
6.450000,0.0946797241757,-1.00626430689,-0.254001354132,0.886885739698,0.103459958881,1.28978118052,0.139049161233
6.460000,0.0950398358326,-1.00620851335,-0.25426676368,0.887086369263,0.103408313885,1.28948223971,0.138776820281
6.470000,0.0956996626291,-1.00628152611,-0.254302681489,0.887037845451,0.103342035878,1.28969506771,0.138382361355
6.480000,0.0963237305425,-1.00593025179,-0.254200625124,0.886479651117,0.103085683234,1.28968460937,0.138588506768
6.490000,0.0962797794739,-1.00618215254,-0.254483899387,0.886153243681,0.103494890482,1.28967965662,0.138848985601
6.500000,0.0963882019958,-1.00639650138,-0.254866881786,0.886146217498,0.103732682092,1.28981773461,0.138592792586
6.510000,0.0965647042522,-1.00590192922,-0.254153139679,0.886567825508,0.103447476752,1.28971278611,0.138663796977
6.520000,0.096678860987,-1.00629955904,-0.254226404905,0.886370689182,0.10334615309,1.28925417695,0.139218339698
6.530000,0.0971599849649,-1.00653431427,-0.255091662841,0.885909394824,0.103970662164,1.28923940176,0.13887903957
6.540000,0.0974044013726,-1.00639297326,-0.255030359027,0.8863374178,0.103905725492,1.28907032396,0.138702202686
6.550000,0.0975945446589,-1.00634023185,-0.254308583199,0.886295840602,0.103633716857,1.28883890614,0.138913119347
6.560000,0.0982180946569,-1.00657700182,-0.254218732418,0.885896338249,0.10373294394,1.28899537748,0.139497747098
6.570000,0.0984726607199,-1.00643232926,-0.255027338091,0.886104916421,0.103846247782,1.28952986082,0.139836123819
6.580000,0.099013984419,-1.00637917515,-0.255048087483,0.886381282854,0.104003087743,1.28997070303,0.139345012868
6.590000,0.0990188720399,-1.00678610406,-0.25439629684,0.886433530534,0.103251885697,1.28980568957,0.139231844565
6.600000,0.0990348031354,-1.00718870292,-0.254747705317,0.886643698007,0.103135983873,1.2897234312,0.139258769621
6.610000,0.099418604658,-1.00758870968,-0.255083153346,0.887078954371,0.103616094697,1.28978405117,0.13877810183
6.620000,0.0995046704966,-1.00798500983,-0.255049537776,0.887510257161,0.103951466296,1.28970197597,0.139359594434
6.630000,0.0999725301396,-1.00807376744,-0.255317707631,0.88763139498,0.104276504452,1.28977321458,0.139544354591
6.640000,0.100510714392,-1.00801388095,-0.255353869465,0.887448847634,0.103911065617,1.29000677274,0.138812115516
6.650000,0.100971228103,-1.00794252429,-0.255229516836,0.887494570436,0.103705646784,1.29021530055,0.138867401779
6.660000,0.10119066598,-1.00764758352,-0.254566839544,0.887385076656,0.103886560091,1.28982267068,0.13960447434
6.670000,0.100873905069,-1.00773341739,-0.254540861547,0.887358281148,0.104296336655,1.28995966593,0.139645672313
6.680000,0.101101511724,-1.0076731481,-0.255341201813,0.887634361241,0.104235503192,1.28948993027,0.139686597304
6.690000,0.102096781946,-1.00823330849,-0.254988878741,0.887524473159,0.104105307212,1.28963791448,0.139727251064
6.700000,0.10245913295,-1.00886665642,-0.25494705665,0.887492750682,0.104431432176,1.28985782544,0.139767635338
6.710000,0.101989633836,-1.00910878181,-0.254897256901,0.887453597853,0.104066240752,1.28953435457,0.139807751856
6.720000,0.102511895876,-1.00912057604,-0.25447154345,0.887194932823,0.104171410609,1.28922199915,0.13984760234
6.730000,0.102958692518,-1.00913229531,-0.254819980574,0.887314123637,0.104498570513,1.28944471233,0.139887188502
6.740000,0.103632323434,-1.00914358473,-0.255623698157,0.886973825221,0.10413492261,1.28943599763,0.139926532136
6.750000,0.104295086916,-1.00915393114,-0.256404301656,0.886644662939,0.103782428324,1.28942719149,0.139965663978
6.760000,0.104947159102,-1.00916336676,-0.257162302828,0.886326383804,0.103440838851,1.28941829899,0.140004583909
6.770000,0.105588713282,-1.00917192302,-0.257898203325,0.886018739864,0.1031099103,1.28940932507,0.140043291848
6.780000,0.106219919946,-1.00917963056,-0.258612494874,0.885721488106,0.102789403595,1.28940027455,0.140081787744
6.790000,0.106840946827,-1.00918651928,-0.259305659467,0.885434390367,0.102479084392,1.28939115211,0.140120071582
6.800000,0.107451958947,-1.00919261832,-0.25997816954,0.885157213243,0.102178722989,1.28938196232,0.140158143379
6.810000,0.108053118661,-1.00919795611,-0.260630488147,0.884889727998,0.101888094237,1.28937270961,0.140196003179
6.820000,0.108644585695,-1.00920256033,-0.261263069139,0.884631710481,0.101606977461,1.28936339831,0.140233651062
6.830000,0.109226517197,-1.00920645801,-0.261876357333,0.884382941038,0.101335156374,1.28935403261,0.140271087134
6.840000,0.109799067769,-1.00920967547,-0.262470788679,0.884143204428,0.101072418997,1.2893446166,0.140308311531
6.850000,0.110362389516,-1.00921223836,-0.263046790429,0.883912289743,0.100818557575,1.28933515427,0.140345324415
6.860000,0.110916632081,-1.00921417169,-0.263604781294,0.883689990323,0.100573368504,1.28932564947,0.140382125978
6.870000,0.111461942686,-1.00921549981,-0.264145171607,0.88347610368,0.10033665225,1.28931610597,0.140418716436
6.880000,0.111998466172,-1.00921624647,-0.264668363478,0.883270431419,0.100108213276,1.28930652741,0.140455096034
6.890000,0.112526345037,-1.00921643479,-0.265174750949,0.88307277916,0.0998878599645,1.28929691736,0.140491265037
6.900000,0.113045719472,-1.0092160873,-0.265664720143,0.882882956465,0.0996754045453,1.28928727926,0.140527223739
6.910000,0.113556727401,-1.00921522593,-0.266138649413,0.882700776762,0.0994706630252,1.28927761646,0.140562972456
6.920000,0.114059504515,-1.00921387205,-0.266596909488,0.882526057273,0.099273455116,1.28926793222,0.140598511525
6.930000,0.114554184308,-1.00921204646,-0.267039863615,0.882358618943,0.0990836041656,1.28925822972,0.140633841309
6.940000,0.115040898116,-1.00920976942,-0.267467867701,0.882198286369,0.0989009370899,1.289248512,0.14066896219
6.950000,0.115519775146,-1.00920706065,-0.267881270449,0.882044887733,0.0987252843059,1.28923878207,0.140703874571
6.960000,0.115990942516,-1.00920393933,-0.268280413494,0.881898254733,0.0985564796662,1.28922904281,0.140738578878
6.970000,0.116454525285,-1.00920042415,-0.268665631536,0.881758222516,0.0983943603946,1.28921929703,0.140773075552
6.980000,0.116910646485,-1.00919653328,-0.269037252473,0.881624629615,0.0982387670224,1.28920954746,0.140807365059
6.990000,0.117359427159,-1.00919228441,-0.269395597523,0.881497317884,0.0980895433267,1.28919979674,0.14084144788
7.000000,0.117800986389,-1.00918769474,-0.269740981357,0.881376132434,0.097946536269,1.28919004743,0.140875324515
7.010000,0.118235441327,-1.00918278101,-0.270073712218,0.881260921572,0.0978095959353,1.28918030202,0.140908995481
7.020000,0.11866290723,-1.00917755949,-0.270394092044,0.881151536742,0.0976785754775,1.28917056291,0.140942461313
7.030000,0.119083497485,-1.009172046,-0.270702416588,0.881047832464,0.097553331055,1.28916083244,0.140975722562
7.040000,0.119497323645,-1.00916625593,-0.270998975534,0.880949666275,0.0974337217785,1.28915111287,0.141008779795
7.050000,0.119904495455,-1.00916020424,-0.271284052611,0.880856898674,0.0973196096539,1.28914140639,0.141041633594
7.060000,0.12030512088,-1.00915390547,-0.271557925709,0.88076939306,0.0972108595275,1.28913171511,0.141074284556
7.070000,0.12069930614,-1.00914737373,-0.271820866986,0.880687015687,0.0971073390325,1.28912204109,0.141106733293
7.080000,0.121087155729,-1.00914062276,-0.27207314298,0.880609635597,0.0970089185359,1.2891123863,0.141138980432
7.090000,0.121468772451,-1.00913366588,-0.272315014715,0.880537124579,0.0969154710867,1.28910275268,0.141171026611
7.100000,0.121844257441,-1.00912651605,-0.272546737805,0.880469357107,0.0968268723653,1.28909314208,0.141202872483
7.110000,0.122213710199,-1.00911918583,-0.272768562557,0.880406210292,0.0967430006329,1.28908355628,0.141234518712
7.120000,0.122577228607,-1.00911168744,-0.272980734075,0.880347563835,0.096663736683,1.28907399703,0.141265965977
7.130000,0.122934908965,-1.00910403272,-0.273183492356,0.880293299972,0.0965889637926,1.28906446599,0.141297214965
7.140000,0.123286846009,-1.00909623318,-0.273377072389,0.880243303427,0.0965185676756,1.28905496479,0.141328266378
7.150000,0.123633132938,-1.00908829997,-0.273561704251,0.880197461367,0.0964524364356,1.28904549498,0.141359120926
7.160000,0.123973861444,-1.00908024392,-0.2737376132,0.880155663352,0.0963904605205,1.28903605807,0.141389779332
7.170000,0.124309121729,-1.00907207552,-0.273905019768,0.880117801289,0.096332532678,1.2890266555,0.141420242328
7.180000,0.124639002532,-1.00906380496,-0.274064139852,0.880083769388,0.0962785479111,1.28901728868,0.141450510654
7.190000,0.124963591154,-1.0090554421,-0.274215184804,0.880053464119,0.0962284034353,1.28900795895,0.141480585063
7.200000,0.12528297348,-1.0090469965,-0.274358361515,0.880026784163,0.0961819986358,1.28899866762,0.141510466315
7.210000,0.125597234001,-1.00903847744,-0.274493872503,0.880003630377,0.0961392350262,1.28898941592,0.141540155179
7.220000,0.125906455838,-1.00902989388,-0.274621916,0.879983905745,0.0961000162076,1.28898020505,0.141569652431
