time,right_s0,right_s1,right_e0,right_e1,right_w0,right_w1,right_w2
0.010000,0.00841383790279,-0.550830598266,-0.00341250283361,0.757110877948,-0.00145715938879,1.25659544565,-0.00507345911561
0.020000,0.00841531085102,-0.551137820282,-0.00341247522199,0.757264928944,-0.00145714354845,1.25644168801,-0.0047660121718
0.030000,0.00842071255138,-0.551295220589,-0.00341230187904,0.757648861028,-0.00160895299353,1.25621046803,-0.00475940753125
0.040000,0.00812819440814,-0.551147399508,-0.00356401464043,0.757581759251,-0.0016867139531,1.25650927231,-0.0049826024768
0.050000,0.00784000379416,-0.551286980563,-0.00394486404031,0.757284667875,-0.00146383851698,1.25696811744,-0.00461583799531
0.060000,0.00793755273619,-0.55098670511,-0.00388033144775,0.75750712941,-0.00115680540224,1.25667975833,-0.00535220969054
0.070000,0.00806237715391,-0.551344364925,-0.00342805014323,0.757674776133,-0.00099987421886,1.25682104219,-0.00567187617146
0.080000,0.00857100222059,-0.551118152184,-0.00325287925894,0.757763982681,-0.00143832483995,1.2572571071,-0.00530562630289
0.090000,0.00866635532281,-0.550880829559,-0.00317133046292,0.757558411264,-0.00130452559228,1.25659736669,-0.00490832423449
0.100000,0.0089137073168,-0.551385419021,-0.00339066428171,0.757722245724,-0.00122541845648,1.25641939353,-0.00511767734268
0.110000,0.00895821903755,-0.551160150373,-0.0035442016592,0.757673053326,-0.00144745958811,1.25603032266,-0.00548794686527
0.120000,0.00849609194629,-0.551130528696,-0.00361662121866,0.757250147843,-0.00145553811929,1.25593367181,-0.00504311586634
0.130000,0.00871597055819,-0.551105539911,-0.00353908409418,0.757417135215,-0.00145511113014,1.25599262316,-0.0048628526437
0.140000,0.00935744792328,-0.55107646889,-0.00375202203875,0.757834880207,-0.00145462731885,1.25605847439,-0.00446865963032
0.150000,0.00959340469595,-0.55134365704,-0.00360100768585,0.7579659726,-0.00145408397848,1.25664305567,-0.00436447704594
0.160000,0.00969111827775,-0.551614364952,-0.0033609488542,0.757645899522,-0.00145347852522,1.25657506967,-0.00471499508206
0.170000,0.0100382549467,-0.551361834893,-0.00348816490989,0.757462357755,-0.00160182775645,1.25655422457,-0.00493268637242
0.180000,0.0104969839959,-0.551303393638,-0.00340520513109,0.757513293898,-0.00153165115081,1.25645211171,-0.00491976603445
0.190000,0.0104061212126,-0.55125024454,-0.00309256697816,0.757581261537,-0.00138127105444,1.25561563284,-0.00504189950853
0.200000,0.0106126559829,-0.551191659014,-0.00357728989302,0.758100282493,-0.00151737542088,1.25613571696,-0.0050934305535
0.210000,0.0110929521026,-0.551274927772,-0.00373353212494,0.758571472621,-0.00108602912513,1.25665582944,-0.00469953568251
0.220000,0.0118375999277,-0.551135786007,-0.00328375459873,0.757946191685,-0.00120768824259,1.25649882119,-0.00442481697329
0.230000,0.0119769675362,-0.550468817308,-0.00308650100601,0.758002054293,-0.00158308211413,1.25557861039,-0.00467041822339
0.240000,0.0127020126295,-0.550280072662,-0.00312757989297,0.758619425562,-0.00167621570949,1.25636936549,-0.00479476646064
0.250000,0.0137897562203,-0.550406035903,-0.00369198903894,0.758394850663,-0.0013128214362,1.25695400395,-0.00447147672365
0.260000,0.0140694800771,-0.5504738758,-0.0037778208275,0.75856420496,-0.00106767810165,1.25601223652,-0.00432870715353
0.270000,0.0146240428715,-0.550600051306,-0.00368135271987,0.759280146349,-0.00134609639379,1.25583421011,-0.00427792892203
0.280000,0.0153804940397,-0.550801786359,-0.00356819618801,0.759377704605,-0.00165194412839,1.25578821362,-0.00458377744103
0.290000,0.0160483034556,-0.551288596092,-0.0030949713554,0.759081134465,-0.001452825417,1.25609783605,-0.00441062038018
0.300000,0.0168961322895,-0.550557369091,-0.00288911403169,0.759494274386,-0.00129344727095,1.25562984151,-0.004635290056
0.310000,0.0173628837663,-0.549524574435,-0.0027723788438,0.759962150846,-0.00135718787676,1.25568586056,-0.00423355641847
0.320000,0.0178372906567,-0.549807806032,-0.00294199775811,0.759943290725,-0.00164307365962,1.25570456884,-0.00392238188161
0.330000,0.0185069210938,-0.549340919754,-0.00277328500638,0.759816866523,-0.0014458408717,1.25542877638,-0.00398232166897
0.340000,0.0195972484173,-0.54938257186,-0.00264857146574,0.759696239844,-0.00128547033673,1.25534728838,-0.0041370408005
0.350000,0.0206844548624,-0.549739333002,-0.00281211052966,0.759937452102,-0.00134884414781,1.25556838486,-0.00393405775307
0.360000,0.0218192337362,-0.549402195222,-0.00292864842678,0.760079999704,-0.00163761946252,1.25536975606,-0.00377284602168
0.370000,0.0236476510015,-0.548922668989,-0.00310626196702,0.760506026219,-0.00158606911303,1.25528846232,-0.0039009293791
0.380000,0.0251414270615,-0.548433295528,-0.00278326256244,0.760604042771,-0.00164739128619,1.25591617016,-0.00368810753569
0.390000,0.0258606746185,-0.548436346621,-0.00227668237505,0.760755118605,-0.00129234253699,1.25503043472,-0.00337198892546
0.400000,0.0269255446823,-0.548257707453,-0.00233006021202,0.761207220089,-0.00119021548921,1.25472814736,-0.00326131708192
0.410000,0.0284901011186,-0.548483416798,-0.00249874894006,0.76162376184,-0.00125057166528,1.2548407383,-0.00316468167664
0.420000,0.0296466221823,-0.548804854046,-0.00231381051276,0.761968329037,-0.00118506826968,1.25526072852,-0.00320851778316
0.430000,0.0311635138144,-0.548418860684,-0.00216869878152,0.762177726137,-0.00124523744414,1.25513984908,-0.0034739714686
0.440000,0.0329749051427,-0.548172104347,-0.00245365270622,0.762666743443,-0.00146189144962,1.25467647991,-0.00332649519631
0.450000,0.0339955368781,-0.547649075942,-0.00263274021667,0.762835069709,-0.00182736388767,1.25397758011,-0.00292822568443
0.460000,0.0348550577965,-0.546953322429,-0.00272726864651,0.762910419668,-0.00115386543545,1.25409280162,-0.00285410999592
0.470000,0.0371676062256,-0.546662534186,-0.00273898017099,0.763059684142,-0.00123025890139,1.25436408018,-0.00252986055856
0.480000,0.0389622238424,-0.546685622047,-0.0024627300767,0.763296506527,-0.00165951145965,1.25498626297,-0.00252620090252
0.490000,0.0405930671591,-0.547009008675,-0.00236552974702,0.763689336485,-0.00134992179806,1.25444633405,-0.00262493215067
0.500000,0.0425380118138,-0.546437427407,-0.00214601066303,0.763969583392,-0.00158525166643,1.25399268702,-0.00265968992003
0.510000,0.0440714340969,-0.545842783687,-0.00198238988953,0.764521497173,-0.00140302294344,1.25390360127,-0.00275107695146
0.520000,0.0456058893258,-0.5459379783,-0.00196150313372,0.764903722911,-0.00151799408433,1.25357142694,-0.00249485398669
0.530000,0.0476788051615,-0.545195663029,-0.00167478868957,0.765273198457,-0.00145668028124,1.25341567518,-0.00212882254713
0.540000,0.0496453377265,-0.545043433051,-0.00156485799925,0.76565237038,-0.00130602797335,1.25313920469,-0.00196081580999
0.550000,0.0516385257117,-0.544610308324,-0.00161679149993,0.766041219978,-0.00170397437103,1.25277492357,-0.00167141358415
0.560000,0.0536814602272,-0.544480862907,-0.00147115680889,0.766439724603,-0.00147083175211,1.25260635067,-0.00129453631321
0.570000,0.0560538675956,-0.544658189524,-0.00109308071251,0.766987787172,-0.00115834077951,1.25259932559,-0.00111514938055
0.580000,0.0582227534873,-0.544171369027,-0.0013110239648,0.767489217933,-0.00132710290438,1.25309468693,-0.000955721123036
0.590000,0.0600698329103,-0.543519712094,-0.0011833515629,0.767716974358,-0.00148743543107,1.2532202382,-0.000792638951227
0.600000,0.0626859857117,-0.542577071048,-0.000798503789695,0.768129610805,-0.00170702633487,1.25260211107,-0.00062591704549
0.610000,0.0647490878147,-0.542216551452,-0.000730898053255,0.768852902802,-0.00172775588569,1.25272736394,-0.000594060568868
0.620000,0.0667790680533,-0.541989057638,-0.00056792863655,0.76975571794,-0.00172295830443,1.25253409228,-0.000504486600386
0.630000,0.0694742550824,-0.541635110684,-0.000658001254766,0.769996651171,-0.00171807016117,1.25194569492,-0.000408623827748
0.640000,0.0722973071418,-0.541453511349,-0.000437054923192,0.769884869685,-0.00157476381252,1.25199881217,-0.000510712525842
0.650000,0.0747523721052,-0.540606271204,-0.000379562190002,0.770508396508,-0.00134624442822,1.25199429876,-0.000154659373313
0.660000,0.0767244474624,-0.540484696073,-0.000409520043114,0.77136806786,-0.00131374561764,1.25128582816,0.000199376096257
0.670000,0.0792998372901,-0.540188742593,9.83054046691e-05,0.771642726743,-0.00158432919506,1.25096469155,0.000476747856664
0.680000,0.0822073458023,-0.539848905886,0.000134432095646,0.772186197158,-0.00175327537605,1.25124838036,0.000476182598661
0.690000,0.0848489975651,-0.539432028701,3.14400285217e-05,0.772648835878,-0.00135921639575,1.25126038319,0.000646794465425
0.700000,0.0876212423705,-0.53866891164,0.000122348119222,0.773370167423,-0.00142979118107,1.25082270302,0.000711609703619
0.710000,0.0900547154309,-0.538449304608,0.000383178030501,0.773801237451,-0.00164728202435,1.25065431784,0.000831366966186
0.720000,0.0928859964522,-0.537975062219,0.00073179698103,0.774125434409,-0.00153365528082,1.25067324698,0.00137126808253
0.730000,0.0960203953081,-0.537442131482,0.000888646696331,0.774652230696,-0.00144186476323,1.25111164399,0.00169879078463
0.740000,0.0987566507109,-0.536838000365,0.00101834642562,0.775352865273,-0.0013572102709,1.25058876772,0.00158539931592
0.750000,0.101671029637,-0.53675560946,0.00115005618772,0.776011929569,-0.000936518237993,1.24971466026,0.00168875432955
0.760000,0.104795063404,-0.536478618437,0.00101248926535,0.776537715667,-0.000733128433345,1.24927612743,0.00196707109057
0.770000,0.10791422767,-0.536084050573,0.000839009980445,0.77704987625,-0.000910535803507,1.24897606389,0.00240588840453
0.780000,0.111064849126,-0.535404955628,0.00126874327421,0.777501829463,-0.00127329451386,1.24895054359,0.00313614037914
0.790000,0.114592776619,-0.534744439291,0.00152837938863,0.778220367094,-0.000788855451586,1.24863057283,0.00324341177998
0.800000,0.117824666881,-0.534156381284,0.00148454736947,0.778599967827,-0.000895706484631,1.2484575842,0.00344273333743
0.810000,0.121162050897,-0.533699515277,0.00172722940982,0.779240146436,-0.00138523176904,1.24823731018,0.00354618534827
0.820000,0.124360761887,-0.533128367359,0.00196052753169,0.779949822079,-0.0012542022952,1.24767644407,0.00383302819819
0.830000,0.127236917068,-0.532929073819,0.00191946426111,0.780864252309,-0.0012146792259,1.24751987665,0.0042174653408
0.840000,0.130628457391,-0.532121681945,0.00203421066825,0.781492198566,-0.00120812042712,1.24664409892,0.00422348519828
0.850000,0.134484575552,-0.531270861875,0.00205101274281,0.782067516634,-0.00106741538032,1.24576529402,0.00449491387247
0.860000,0.138234597755,-0.531477834001,0.00198227965934,0.78258913454,-0.000972921270108,1.24496896961,0.00456094264227
0.870000,0.141792505056,-0.530931941099,0.00223605067401,0.783501671916,-0.000887708886479,1.24398523966,0.00465029805391
0.880000,0.145684429138,-0.53002354498,0.00247985284489,0.784027632287,-0.000606895928194,1.24323044629,0.00482175580165
0.890000,0.149145740249,-0.529339132518,0.00271651943342,0.784545566915,-0.000750493962003,1.24264857821,0.00540157255511
0.900000,0.15248593465,-0.528958682888,0.00314985328338,0.785150552484,-0.000513121628366,1.2419581897,0.00578884801931
0.910000,0.156179734611,-0.528422917293,0.00316336701048,0.785902906635,-6.4731870701e-05,1.2412371794,0.00626811288121
0.920000,0.160035341054,-0.527712391918,0.00342281443682,0.786425619607,0.000410913382436,1.24005676255,0.00676661360887
0.930000,0.163743577245,-0.52690780103,0.00367645297564,0.787103316273,0.00134267172689,1.23951189473,0.00661914051331
0.940000,0.167581899952,-0.526412666586,0.00365872867467,0.78782469483,0.00202954990137,1.23922804207,0.00713671818219
0.950000,0.171544669523,-0.52603715996,0.00378912533278,0.788552935241,0.0023308890789,1.23811992502,0.0074102953603
0.960000,0.175622805979,-0.525605537483,0.00382763241268,0.789418870613,0.00276872523175,1.23716982083,0.00715863150171
0.970000,0.180136269154,-0.525088105335,0.00364799907304,0.790249695704,0.00356573969954,1.23660675114,0.00727568188207
0.980000,0.184236990581,-0.524687049622,0.00356242068574,0.790947266564,0.00416878118185,1.23551495186,0.00774289923009
0.990000,0.187884189937,-0.52469047934,0.00382824834628,0.79214369794,0.00465351090576,1.23366450657,0.00806979290546
1.000000,0.191938953202,-0.523922239036,0.00409305051613,0.79338241419,0.00486739045496,1.23246033712,0.00849092069015
1.010000,0.196312705961,-0.522984638387,0.00408980521997,0.794228184695,0.00535322433739,1.23166756604,0.00861387961838
1.020000,0.20094746689,-0.522492871171,0.00409919124272,0.79500141735,0.00544683807914,1.23131269139,0.00868055197444
1.030000,0.205074853497,-0.521894582908,0.00405969525872,0.795650564995,0.00461392706163,1.23116383756,0.00899665967017
1.040000,0.209372374912,-0.521510410303,0.00407221224242,0.796216334442,0.00419237757995,1.23071366836,0.00879599975799
1.050000,0.214266708794,-0.521300784131,0.00390690267938,0.797097065786,0.00433932303896,1.22981213004,0.00924973736017
1.060000,0.218974105282,-0.521116387461,0.00383173087445,0.798113076226,0.00438667973181,1.22901764782,0.00954557076122
1.070000,0.223135810864,-0.520986478519,0.00384689706277,0.799215625005,0.00439356260065,1.22833175367,0.0102888204421
1.080000,0.227341436744,-0.520356840357,0.0039438947405,0.800074875451,0.00427145133188,1.22809962732,0.0109478370064
1.090000,0.231604230534,-0.52050848462,0.00405434148457,0.800312936842,0.00405948310455,1.22732367086,0.0109930156351
1.100000,0.236084065025,-0.52109945013,0.00384803684833,0.801008587709,0.00415427959251,1.22711591206,0.0110461891294
1.110000,0.240318213794,-0.521238703931,0.00408177543253,0.801833036822,0.00438038978692,1.22743478504,0.0113185707676
1.120000,0.245145714579,-0.521510741024,0.00410852140149,0.802662666385,0.00442920951267,1.22726227616,0.0118914760776
1.130000,0.250391054752,-0.521517877852,0.00381633515395,0.803370273955,0.00456359825891,1.22734439727,0.0129015145231
1.140000,0.25476998449,-0.521131834274,0.00397474896941,0.804117905392,0.00453702402755,1.22757151664,0.0133658467189
1.150000,0.2588371825,-0.520987715181,0.00387068426341,0.805262413887,0.00427980068521,1.22730950256,0.0131237501443
1.160000,0.26440065839,-0.521667757089,0.00393095217736,0.806628702303,0.00428686814528,1.22730339607,0.013184197911
1.170000,0.269463890508,-0.522398902601,0.00430186513408,0.807709371894,0.00412164635602,1.22725973198,0.0135466569663
1.180000,0.273529650038,-0.522776350606,0.00442005612393,0.808220883326,0.00383362695106,1.2266192588,0.0141405981247
1.190000,0.278305217641,-0.523010028686,0.00427728360331,0.808995657673,0.00328114656741,1.22565725419,0.0143411169261
1.200000,0.283625985664,-0.523292576621,0.00408894585815,0.810114858799,0.00310491984475,1.22533253821,0.0147519507277
1.210000,0.288854981669,-0.523774535322,0.00402759566342,0.811171064508,0.00328427601343,1.22511174577,0.0151771665142
1.220000,0.293498190932,-0.524730672322,0.00393507093291,0.811704282094,0.00333826237784,1.22475083873,0.0154654304465
1.230000,0.298274228476,-0.525481686887,0.00358074276918,0.81236597828,0.0033464123753,1.22448030438,0.0158471579014
1.240000,0.303255517024,-0.526089391166,0.00359954349875,0.813406427076,0.00347902372858,1.22436614031,0.0158906187009
1.250000,0.308167184053,-0.527236684649,0.00335396361932,0.814896969613,0.00345559481276,1.22464956335,0.0159652636923
1.260000,0.313436165813,-0.529078146842,0.00240194520558,0.816056848283,0.00332673166859,1.22422479676,0.0161338378629
1.270000,0.318447889252,-0.530442695431,0.0021521633109,0.817293556941,0.00367163323684,1.22384383524,0.0163841924036
1.280000,0.323076096011,-0.53108711796,0.00231319658521,0.818335033473,0.00377698347242,1.22395142531,0.0168962334677
1.290000,0.327888268608,-0.53225651101,0.00190614615274,0.819068828873,0.00353833208359,1.22355301558,0.0171651384496
1.300000,0.333219533707,-0.5337998188,0.00103578131059,0.820048169037,0.00323796955338,1.22317653743,0.0174189235276
1.310000,0.338734627059,-0.535504214473,0.000631628797342,0.821296990615,0.00348730453629,1.22309544645,0.0181798015203
1.320000,0.34361162301,-0.537293376986,0.000319643355115,0.822227851191,0.00363757928333,1.22307591848,0.0188863900189
1.330000,0.348872156157,-0.538794863704,0.000354447189292,0.823006509139,0.00409386050956,1.2228753825,0.019119903215
1.340000,0.353871804319,-0.540269297893,0.000187053683238,0.824502842851,0.00464206577485,1.22304919722,0.0190532492654
1.350000,0.359076240962,-0.542248878114,-6.63095603983e-05,0.825957064632,0.00379355279253,1.222911036,0.0192485086097
1.360000,0.364439296847,-0.544419329463,-0.000497805461093,0.826982748137,0.00353447303124,1.2226570982,0.020068892586
1.370000,0.369528840535,-0.546414474418,-0.000675702763016,0.827909811215,0.00433259609239,1.22258199438,0.0201940721845
1.380000,0.374607397603,-0.548589567236,-0.00112953834562,0.828960020283,0.00456410173037,1.22213323446,0.0202064844557
1.390000,0.379716021144,-0.551082192559,-0.00156636128181,0.830350002749,0.00391107036846,1.22186592294,0.020133316441
1.400000,0.384422139759,-0.553364061641,-0.0017922322417,0.831769467564,0.00390833547258,1.22162185544,0.0207487824674
1.410000,0.389438104005,-0.555601217204,-0.0019615260558,0.832932964106,0.00426904173288,1.22124159051,0.0216329321225
1.420000,0.39470714356,-0.557959271725,-0.00224912397246,0.834570292653,0.00400251461188,1.22106581634,0.02205281882
1.430000,0.39966349935,-0.560115234332,-0.00239043163175,0.83678575056,0.0040257626031,1.22065828968,0.0222140030638
1.440000,0.404645025891,-0.562494944876,-0.00206107649415,0.838468742848,0.00412984165291,1.22010253606,0.0223428869166
1.450000,0.409373407454,-0.564903070404,-0.00202411603804,0.839481859706,0.00421772704977,1.21970675014,0.0231857688462
1.460000,0.413907772477,-0.567182109314,-0.0023498795471,0.840827622857,0.00460032960773,1.21960326001,0.023594602095
1.470000,0.419185827908,-0.569783001,-0.00245108941904,0.842621978472,0.00471918277762,1.21992955102,0.0237434843844
1.480000,0.424176360854,-0.572609684807,-0.00228271719426,0.844567210803,0.00484735737281,1.21976765842,0.023932736522
1.490000,0.428833468732,-0.575269066435,-0.00229586729227,0.846110901851,0.00495183739464,1.21876923498,0.0242017999465
1.500000,0.433739795777,-0.577469591737,-0.00238036788516,0.847532967595,0.00480204959756,1.21804357826,0.0250826372157
1.510000,0.438277585846,-0.579950448943,-0.00228983181807,0.849484412052,0.00498970258439,1.21811205337,0.0256767889711
1.520000,0.442851397494,-0.582908263404,-0.00267151383092,0.851486860671,0.00566170051686,1.21838371873,0.025475599279
1.530000,0.448014575067,-0.585764133906,-0.00287057154682,0.853402312446,0.00585815911327,1.21760399103,0.0257060462951
1.540000,0.453003531606,-0.588186238872,-0.00278210489992,0.855355520984,0.00557662950647,1.21695021788,0.0257990208712
1.550000,0.457593758383,-0.590950328804,-0.00304421745612,0.85703199957,0.00584278440993,1.21691640135,0.0258967519976
1.560000,0.462565176803,-0.593977728762,-0.00338017254188,0.85902721839,0.00584792472976,1.21656429326,0.0264438644716
1.570000,0.467870552723,-0.596295094251,-0.00375578558253,0.861564796776,0.00564312708335,1.21611957655,0.0272401968006
1.580000,0.47288777499,-0.598530224107,-0.00409229622074,0.863772942309,0.00582809403261,1.21569135793,0.0276089137591
1.590000,0.477387498454,-0.600931616082,-0.00469917358379,0.865939804439,0.00614662249149,1.21520650056,0.0276488398642
1.600000,0.48192992047,-0.603672438034,-0.00499329646772,0.86780092708,0.00594259152821,1.21516501247,0.0280991338434
1.610000,0.486767585236,-0.606323665224,-0.00497629741919,0.869772420507,0.00590887984794,1.21493316151,0.0288204257469
1.620000,0.49157382023,-0.608498758216,-0.00536361700097,0.871821029917,0.00616793988663,1.21469798135,0.0290585083875
1.630000,0.49588566427,-0.610620162445,-0.00586513315662,0.873827862432,0.00620384088745,1.21444343922,0.0292867477663
1.640000,0.500386088319,-0.612773455525,-0.00707341950474,0.875808652471,0.00636431006127,1.21371781858,0.029405210862
1.650000,0.505352207328,-0.615171147025,-0.00774116624995,0.877208643083,0.00632048025707,1.21311112558,0.0300927360792
1.660000,0.510490406974,-0.617681519346,-0.00808817594647,0.879089615844,0.00634856454933,1.21293166156,0.0308397589492
1.670000,0.515326857157,-0.619861413078,-0.00869427980314,0.881236653217,0.0067174810903,1.21249669487,0.0312445278272
1.680000,0.520206095981,-0.621564505488,-0.00910996740836,0.883027797643,0.00684921270714,1.21208309105,0.0313102952933
1.690000,0.524635324703,-0.623877703276,-0.00942098674712,0.884636596861,0.00708618532618,1.21195914127,0.0310101305443
1.700000,0.52899352431,-0.626127174603,-0.0104150639953,0.886338897049,0.00751850804545,1.21237356301,0.0314574890054
1.710000,0.533565206096,-0.627456973755,-0.0111506013378,0.887236331784,0.00799332135888,1.21267007858,0.032105551182
1.720000,0.538202085225,-0.628939085209,-0.0116942174273,0.888044985041,0.00840951003184,1.21229451589,0.0325412762425
1.730000,0.542611797708,-0.630428284687,-0.012240879281,0.889614136041,0.00864141728246,1.21210314978,0.032800994075
1.740000,0.546711355584,-0.631804023582,-0.0131291899807,0.891266788005,0.00936583517967,1.21183194758,0.0328488986196
1.750000,0.550779383897,-0.633604728815,-0.0140847884037,0.891959323231,0.00963322888935,1.21120043042,0.0329454398609
1.760000,0.554702970358,-0.635120105611,-0.0143991520213,0.892476518284,0.00986763387182,1.2109651119,0.033141217978
1.770000,0.558673914268,-0.636525226176,-0.014702956,0.893283859897,0.0102984209437,1.2108696148,0.0333028133733
1.780000,0.562291231922,-0.638174471557,-0.0148117024547,0.894174686862,0.010548750307,1.21086052567,0.0332724761589
1.790000,0.56536995601,-0.639511613319,-0.0144195315481,0.89456188804,0.0107679020888,1.21005431287,0.0335733715818
1.800000,0.568740656543,-0.640589935517,-0.0138781291704,0.894979128311,0.010953444735,1.20903689143,0.034243232253
1.810000,0.57228678234,-0.642064305236,-0.0137255305716,0.895816594283,0.0113939036722,1.20812000966,0.0341122244799
1.820000,0.576223220962,-0.643321794103,-0.0137817243124,0.896785681281,0.0117770356033,1.20728168493,0.0346869685476
1.830000,0.579913856506,-0.644059834163,-0.0139709290157,0.897866060948,0.0120461106668,1.20645827688,0.0351826083354
1.840000,0.58322504776,-0.645186646517,-0.0139871062771,0.899267623846,0.0125063722135,1.20558619324,0.0350899786219
1.850000,0.586506728175,-0.64658549084,-0.0138558087081,0.900280272475,0.0126147548802,1.20535564148,0.0351176483004
1.860000,0.589753761325,-0.648226007683,-0.013482119229,0.900872137543,0.0126548304621,1.2050617018,0.0355322935012
1.870000,0.592911295328,-0.649579686184,-0.0131830998822,0.901861889232,0.0127428223478,1.20513638972,0.0360027331102
1.880000,0.596044870723,-0.65044713708,-0.0129527497183,0.902513767225,0.0129918873307,1.20556924629,0.0365630380562
1.890000,0.59923762094,-0.651279448671,-0.0128323918168,0.903484890588,0.0130351251405,1.20475449706,0.0370567103975
1.900000,0.601671777207,-0.652219922994,-0.0127016774095,0.904739458563,0.0132938105263,1.20437891704,0.0363534305594
1.910000,0.60406014295,-0.65323144679,-0.0123317940825,0.905906916625,0.0135812597985,1.2040930302,0.0350637541322
1.920000,0.607016379517,-0.654471565968,-0.0122492540112,0.906696204737,0.0136572654686,1.20339437139,0.0339001934333
1.930000,0.609694088563,-0.65555951737,-0.012437668097,0.907830655236,0.0136647273354,1.202791925,0.0331650185207
1.940000,0.61200751148,-0.656480373735,-0.012463371475,0.909073327997,0.0135635964479,1.20266854757,0.0323270399835
1.950000,0.614474864194,-0.657204267314,-0.0124440347358,0.910103727319,0.0133619535952,1.20286902427,0.0313218432705
1.960000,0.617243823625,-0.657808933661,-0.0123958313441,0.910953407166,0.0132980851684,1.20260585841,0.0307786527468
1.970000,0.619830609739,-0.659146401429,-0.0123770511157,0.911701398212,0.013305719143,1.20253325017,0.0309333587147
1.980000,0.622134676128,-0.660544149027,-0.0123291252205,0.912477720218,0.013097096462,1.20232919339,0.0313026425576
1.990000,0.624261863793,-0.661281103604,-0.01220342458,0.913223621755,0.0126869320139,1.20187509574,0.0317787440737
2.000000,0.626490769155,-0.662053499745,-0.0119480633172,0.914105081361,0.0124424512999,1.20110434111,0.0323554901273
2.010000,0.62861904998,-0.662895032681,-0.0118570273734,0.914950456351,0.0124554452499,1.20026761483,0.0329033802685
2.020000,0.629933807514,-0.663599904433,-0.0118099638618,0.915906517282,0.0125942896036,1.19988445613,0.0333720052139
2.030000,0.631310265135,-0.664477766651,-0.0117923840782,0.917091363422,0.0122260846173,1.19974820431,0.0337113829649
2.040000,0.633034483459,-0.665297302396,-0.0115343952489,0.917765887606,0.0117701190463,1.19926485471,0.0342114218826
2.050000,0.634624749867,-0.666250933836,-0.0113142217819,0.918222745625,0.011390081422,1.19850480308,0.0346497921926
2.060000,0.636106024878,-0.667411469136,-0.011431846738,0.91891337259,0.0112223877745,1.19812014051,0.0349078133606
2.070000,0.637621671866,-0.668095032322,-0.0112495586147,0.919435180089,0.0114712715579,1.1978790819,0.0350635242625
2.080000,0.638954054346,-0.668318885477,-0.0106063421672,0.919780579291,0.0115515632302,1.19782578299,0.0353520337492
2.090000,0.640201142785,-0.668807765336,-0.0102086823747,0.920051130524,0.0111133581595,1.1984513494,0.0358195548702
2.100000,0.641103721824,-0.669584389231,-0.010350477272,0.920186705111,0.0107621076857,1.198513122,0.0363888167898
2.110000,0.642272500709,-0.670201389561,-0.0101510807153,0.920376311685,0.0107969211777,1.19791023097,0.036723497823
2.120000,0.642974127411,-0.670557426884,-0.0097494787892,0.920098548522,0.0109082793898,1.19765215322,0.0368772762229
2.130000,0.643650441333,-0.670594961941,-0.00942599531696,0.919656875956,0.0108938564726,1.19747448401,0.0370529965427
2.140000,0.644712313169,-0.670496788748,-0.00922940734193,0.919676335149,0.0110306462,1.19726360781,0.0374130711194
2.150000,0.645413989243,-0.670245380141,-0.00908845538832,0.919282253955,0.0111162541653,1.19687568051,0.0382126820388
2.160000,0.645714347474,-0.670697711075,-0.00910064155093,0.918109064509,0.0110202338737,1.19669277407,0.0388291433488
2.170000,0.645984963514,-0.67148347458,-0.00882899330784,0.917121973497,0.0107171233147,1.19640863396,0.0389517379442
2.180000,0.645966645416,-0.671676737786,-0.00863584717664,0.916857097762,0.0104405447382,1.19609870511,0.0391262434643
2.190000,0.646463065139,-0.671688152158,-0.00872750118322,0.916593595756,0.0103711564626,1.195634933,0.039610269083
2.200000,0.647171316544,-0.671860587288,-0.0087950173189,0.916040562948,0.00996572127461,1.19522200934,0.0399399046273
2.210000,0.647314426963,-0.67208501883,-0.00865689069178,0.915512008703,0.00914749087648,1.19499087834,0.0401888050378
2.220000,0.647557340858,-0.671998295992,-0.00843992737383,0.914989608026,0.00894155020882,1.1947627279,0.0406684124618
2.230000,0.648049561157,-0.672470844108,-0.00832579937701,0.914124628241,0.00925844031276,1.19451068877,0.0412034791202
2.240000,0.648073885976,-0.672819317475,-0.00811258948888,0.913296833393,0.00955503013557,1.19440837408,0.0415570090624
2.250000,0.647928789531,-0.673000259611,-0.00766863796133,0.912576778759,0.00974670169978,1.1938294221,0.0416783744347
2.260000,0.648217137265,-0.673540125007,-0.0073945273649,0.911804123021,0.00996133032143,1.19321042533,0.042070306713
2.270000,0.648643757213,-0.673981864923,-0.00725513509853,0.911118380817,0.0101506433612,1.19313213691,0.0424995209818
2.280000,0.649121581648,-0.674490326871,-0.00747028217632,0.910131704477,0.0102642850187,1.19306610918,0.043146133818
2.290000,0.649900814814,-0.675074461862,-0.00763077525398,0.909229947322,0.0099506261004,1.1926417733,0.0439057790626
2.300000,0.650912691869,-0.675684120561,-0.00760386550651,0.908548557224,0.00946369869245,1.19198621058,0.0440942469038
2.310000,0.651004619017,-0.676563198729,-0.00759736353283,0.908051084229,0.00920639274166,1.19182256459,0.0442724512885
2.320000,0.650944705048,-0.677579444336,-0.00756820893041,0.907037746781,0.0088108052528,1.19176310413,0.0443170178389
2.330000,0.651208598166,-0.677916560084,-0.00736156562713,0.906022034841,0.00832481326087,1.1917446192,0.0443460527041
2.340000,0.651651577099,-0.67835404761,-0.00702492290712,0.905156495567,0.00796489474714,1.1919109303,0.0450493737233
2.350000,0.652204965794,-0.67926802412,-0.00705736872218,0.90441649248,0.00776262238876,1.1920823413,0.0455423333452
2.360000,0.652616027078,-0.680151338709,-0.00701773748748,0.903456153588,0.0081108235525,1.19193049119,0.0456775151037
2.370000,0.653024263639,-0.681053123033,-0.00680920543713,0.90217589065,0.00839557215532,1.19151070593,0.0459311919555
2.380000,0.653637228292,-0.682057478604,-0.00660130358683,0.901257504115,0.00828460037237,1.19138001625,0.0464659571367
2.390000,0.654227983951,-0.683139575454,-0.00649232165751,0.900790091834,0.00830630493546,1.19169478638,0.0469165485366
2.400000,0.654883267543,-0.684552334173,-0.00639154344048,0.90042842846,0.00832250204591,1.1914208598,0.04681315046
2.410000,0.655665130647,-0.685941835346,-0.00606806118238,0.899921038566,0.00781421424882,1.19139863064,0.0470831450645
2.420000,0.656074263626,-0.687218203808,-0.00567805591567,0.899372260812,0.00724173987596,1.19212112982,0.0478249682688
2.430000,0.656614300317,-0.688450570028,-0.00526936977535,0.898654273002,0.00707507708074,1.19203013412,0.0481373186904
2.440000,0.657535233763,-0.689407239132,-0.00507498243715,0.898403888104,0.00718081698622,1.19152108831,0.0480610903081
2.450000,0.65844498995,-0.690942227909,-0.00526800354382,0.898309925061,0.0072967329617,1.19132397676,0.0483142866937
2.460000,0.659120524185,-0.692831361884,-0.00536705304499,0.897995823784,0.00738465960135,1.19119706403,0.0489443980926
2.470000,0.659777980795,-0.694333264182,-0.00493702775091,0.897806844279,0.00761354765298,1.19186664465,0.0496635513685
2.480000,0.660343749604,-0.695626203385,-0.00465443171303,0.897399467363,0.00749962395839,1.19327413287,0.0501871827408
2.490000,0.660865270774,-0.697447735305,-0.00485077701993,0.896689467788,0.00721641932479,1.19425151363,0.0503987289105
2.500000,0.661736072942,-0.699451492797,-0.0053390828401,0.896205413021,0.00713602232364,1.19535522086,0.0506353081153
2.510000,0.662521859429,-0.701217298698,-0.00534123531796,0.896091155881,0.00704904844071,1.19655993155,0.050768668451
2.520000,0.663541687177,-0.703137762034,-0.00460563467751,0.896092115009,0.00675931454632,1.19793498515,0.0505909670154
2.530000,0.664525809739,-0.704929684762,-0.00424733010977,0.895851928166,0.00666500646584,1.1988753316,0.0507198878681
2.540000,0.664986707402,-0.706729709164,-0.00423557851874,0.895742807778,0.00679864135919,1.19942303852,0.0513560392846
2.550000,0.6655592785,-0.708648428439,-0.00424122904294,0.895626592656,0.00658464913197,1.20048788131,0.0518589087602
2.560000,0.666511492443,-0.710244876125,-0.00423140574055,0.895195268662,0.00659827887856,1.20193851512,0.0521782182126
2.570000,0.667130394011,-0.711969902201,-0.00414325812039,0.894962358815,0.00710648630037,1.20319359754,0.0524964372643
2.580000,0.667234449528,-0.71381035236,-0.00383823046603,0.894944182319,0.00731376471127,1.20481005258,0.0530021932504
2.590000,0.667652333723,-0.715303460993,-0.00355229116081,0.894502440774,0.00710357410684,1.20689879141,0.053628464211
2.600000,0.668362493253,-0.716755544398,-0.00326548199231,0.893969625037,0.00712890091151,1.20819118837,0.0537395906026
2.610000,0.669016462912,-0.718250863033,-0.00277786642132,0.893746782222,0.00722995103863,1.20964202397,0.053370836812
2.620000,0.669796151696,-0.71991057352,-0.0023834688442,0.893408452192,0.00723822638481,1.21131570152,0.0532787419678
2.630000,0.670219031453,-0.721426449054,-0.00229957624622,0.892862927772,0.0071530774752,1.21234480146,0.0538985220401
2.640000,0.670643349869,-0.723075991422,-0.00229636144074,0.892424012193,0.00705262332424,1.21352036793,0.0544129484873
2.650000,0.671370693585,-0.724711672505,-0.00249373891078,0.892171153511,0.00726130627743,1.21496153021,0.0544129452857
2.660000,0.67196112648,-0.726054247121,-0.00270935047345,0.892116832235,0.00756536222621,1.21641817442,0.05453255494
2.670000,0.672454140071,-0.727398500088,-0.00250920150298,0.891968758196,0.00766836466143,1.21786241431,0.0550245547672
2.680000,0.672927085048,-0.72894046701,-0.00204357553475,0.891510549686,0.00749384016392,1.21959125367,0.0555508357419
2.690000,0.673672997008,-0.73039754788,-0.00163794518868,0.891059766473,0.00719177424094,1.22126944724,0.0557368035956
2.700000,0.674607437286,-0.731650809961,-0.00147535615661,0.890695413687,0.00720638435008,1.22203839218,0.0558634149441
2.710000,0.675215964984,-0.733018930542,-0.00126382013291,0.890513316853,0.00721972663734,1.22260781698,0.0558606509917
2.720000,0.675913850697,-0.734193309568,-0.00156075785432,0.890641903147,0.00711768290002,1.22367313449,0.0561515044412
2.730000,0.677091733757,-0.73505545384,-0.0019002426116,0.890668735233,0.00713866179553,1.22475139946,0.0565812696509
2.740000,0.678086573747,-0.736397052973,-0.00131812398672,0.890395321371,0.0071339576539,1.2253411222,0.0563844249579
2.750000,0.678359015419,-0.738265183246,-0.0007304590532,0.8903811705,0.00733375787323,1.22589456344,0.0561882357072
2.760000,0.678774323225,-0.739926156456,-0.000739641029234,0.89089270027,0.00764050876487,1.22679330129,0.0563866274513
2.770000,0.679613444,-0.741588776986,-0.000767662076946,0.891196182896,0.00765739752138,1.22738196054,0.0565924516509
2.780000,0.680118631144,-0.743274342996,-0.00057437422585,0.89129073322,0.007642329952,1.2275930584,0.0567758919491
2.790000,0.680728347078,-0.744806141761,-0.000583751054163,0.891672885896,0.00803896622049,1.22767946083,0.0570824347583
2.800000,0.681596949654,-0.746499585022,-0.000971785921528,0.892347953309,0.00862560246339,1.22770289709,0.0570984570016
2.810000,0.682350524388,-0.74771970302,-0.00158309666696,0.892852792765,0.00895535391466,1.22751031163,0.0567997506798
2.820000,0.682989985784,-0.748597176587,-0.00181745399275,0.89302278569,0.00885252584653,1.22714828844,0.0563345937483
2.830000,0.68345813952,-0.749882415927,-0.00162863778492,0.893489024527,0.00885914800083,1.22647826492,0.0554609959959
2.840000,0.683937686808,-0.751362759278,-0.00163846167355,0.894252426105,0.00905549664838,1.2256192486,0.0547479167027
2.850000,0.684669730117,-0.752771058512,-0.00176333136359,0.894836183605,0.00926196470215,1.22448605817,0.0547307418153
2.860000,0.684861483774,-0.753975266043,-0.00195546074547,0.895194520935,0.00937069387157,1.22338406005,0.05484014619
2.870000,0.68501398283,-0.755177013316,-0.0022027883751,0.895833307472,0.00946593027888,1.22256984377,0.0548148322328
2.880000,0.685670713468,-0.756561210372,-0.00202033538463,0.896696145609,0.00958497354599,1.2213001055,0.0551837416103
2.890000,0.686150705003,-0.757972625541,-0.00210415033682,0.897520853599,0.00949462573394,1.22024153318,0.0555930338592
2.900000,0.686094681595,-0.759273260574,-0.00254391579954,0.898734092851,0.0093984023414,1.21913509386,0.0555803965786
2.910000,0.686088156583,-0.760766952601,-0.00256938136275,0.899818003303,0.00949230113855,1.21766315903,0.0553069040965
2.920000,0.686222255615,-0.762207484994,-0.00266689553242,0.900165808111,0.00952443584503,1.21635672351,0.0543579970423
2.930000,0.686020597884,-0.763138223191,-0.00316840376015,0.900675691651,0.00940903919067,1.21481074522,0.0532298722951
2.940000,0.685900435516,-0.76404418061,-0.00368792815276,0.901862161366,0.00960443088829,1.21337982411,0.0529885468805
2.950000,0.685863096966,-0.765089759478,-0.00384096708941,0.903203841511,0.00964980010157,1.21213077194,0.0534375254615
2.960000,0.685786795154,-0.76602070401,-0.00383723763018,0.903788791165,0.00934598301147,1.21090249205,0.0541098348672
2.970000,0.685645795015,-0.767221478005,-0.00424430179806,0.903810470344,0.0094265154655,1.20939972829,0.0544232856888
2.980000,0.68526095091,-0.768488968777,-0.00458956379808,0.904470135137,0.00973624219473,1.2077559587,0.0543857921903
2.990000,0.685045319984,-0.769076118354,-0.00452817558524,0.905608355256,0.00976301968066,1.20659234731,0.0547300457381
3.000000,0.684938178295,-0.769665805528,-0.00461592867986,0.906157450498,0.00982564499074,1.20592433163,0.0551355484859
3.010000,0.68471577349,-0.770991095317,-0.00504322956103,0.906457267964,0.0102347161902,1.20513829985,0.0552003369209
3.020000,0.684466300945,-0.772008725753,-0.00528356978353,0.907140827539,0.0101948742528,1.20380985566,0.0554526985255
3.030000,0.684133667436,-0.772363105933,-0.0053999486619,0.90804108504,0.00978224130661,1.20265732798,0.0559932084457
3.040000,0.683679957384,-0.773071985849,-0.00562310192568,0.908681432077,0.00977169925304,1.20157184036,0.0564040568018
3.050000,0.683189810366,-0.77414500781,-0.00576609906612,0.909150691662,0.00988737145397,1.20031471709,0.0564635070571
3.060000,0.682672707263,-0.775106040118,-0.00588052485658,0.909935276749,0.00997746504189,1.19987815417,0.0567092426902
3.070000,0.682069531831,-0.775908902317,-0.00627969331802,0.910729096624,0.0100977222429,1.19963802132,0.0570756351918
3.080000,0.681427576485,-0.776140266087,-0.006894812349,0.91133889379,0.0100982035571,1.19833685152,0.057425459816
3.090000,0.680971284894,-0.776356101743,-0.00759460245287,0.911903972772,0.0100262692973,1.19749327702,0.0578774816414
3.100000,0.680512518089,-0.777226938188,-0.0083271539742,0.91292343343,0.00991375486826,1.19731188126,0.0582505832418
3.110000,0.679772892351,-0.77794256032,-0.00894045825042,0.914212826144,0.00992911747416,1.19658319144,0.0583385266308
3.120000,0.67869904689,-0.778419915873,-0.00964611956093,0.91510701116,0.00984471264543,1.19609659207,0.0584527596028
3.130000,0.678007716691,-0.779089734763,-0.0102927628858,0.915941224404,0.00974550918688,1.19621052724,0.0589091687004
3.140000,0.67797965946,-0.77987650054,-0.0110415358624,0.916838087743,0.00966601509339,1.19680348639,0.059269526502
3.150000,0.6772702314,-0.780257132822,-0.0124155111468,0.91717052851,0.00956100826225,1.19732402734,0.0596072527508
3.160000,0.675555725119,-0.780315016004,-0.0137597347567,0.91721689736,0.00956725621999,1.19710967205,0.0600518084312
3.170000,0.674036401682,-0.780893997692,-0.0146909232776,0.917813243174,0.00957347685913,1.1971689066,0.060498258743
3.180000,0.672968116147,-0.781358656249,-0.0155042837983,0.918941079845,0.00949908579079,1.19774781948,0.0609398786705
3.190000,0.671969606415,-0.781461213013,-0.0164001041019,0.919932361082,0.00946992588384,1.19776421872,0.0613835045184
3.200000,0.671147235379,-0.781599747968,-0.0175698957069,0.920498667506,0.00967414867678,1.19757646844,0.061743239797
3.210000,0.670250306067,-0.781707717283,-0.0190541202853,0.9211913504,0.00955154872841,1.1978140347,0.0619887774736
3.220000,0.6691812876,-0.781855561134,-0.0204937052013,0.922144558494,0.0092134123603,1.19800527482,0.0622331487552
3.230000,0.667987582382,-0.781725548379,-0.021699854158,0.922575554074,0.00946383599547,1.19788728263,0.062396479233
3.240000,0.666442473774,-0.781610363805,-0.0229831951088,0.922749578856,0.0098916371421,1.19773590908,0.0627589829927
3.250000,0.664981110049,-0.781764467014,-0.0243002198698,0.923703572425,0.00993353162036,1.19770156124,0.063431065521
3.260000,0.663523172961,-0.781724774718,-0.0255046306347,0.924718715634,0.00990085690791,1.19758883045,0.0635490195316
3.270000,0.661920100736,-0.781652416532,-0.026714318259,0.925229756331,0.0102568308657,1.19759577285,0.0633593698618
3.280000,0.660298307631,-0.781544223449,-0.0278482437095,0.925696057361,0.0106908318377,1.19764019151,0.0634023829291
3.290000,0.65873538295,-0.781284152322,-0.0289447629608,0.926007901231,0.0107348604208,1.1969091318,0.0635219078074
3.300000,0.657048382184,-0.781142448414,-0.0303121127993,0.926665783046,0.0107018063736,1.19602464079,0.0637571274937
3.310000,0.65500300496,-0.780924707438,-0.0319110072708,0.9272009804,0.0107458840261,1.19599806485,0.0640692362514
3.320000,0.653090207621,-0.780671684991,-0.0332011662262,0.927346938203,0.0104798280091,1.19616423673,0.0643405303501
3.330000,0.651483005096,-0.780537496189,-0.0338679898003,0.928034351097,0.010484247665,1.1955160465,0.0643001872871
3.340000,0.649750259604,-0.780328338168,-0.0345333863744,0.928525301349,0.0109175330881,1.19467504583,0.0642972906232
3.350000,0.647563840651,-0.779928763444,-0.0356289134016,0.928698776031,0.0110417213456,1.194224388,0.0647587293394
3.360000,0.645424250451,-0.779489294963,-0.0368354632073,0.929181136578,0.0111233074655,1.19408584938,0.0654190788256
3.370000,0.643528808351,-0.779244846983,-0.0381115788113,0.930001505502,0.0113209142895,1.19376326976,0.0656138499977
3.380000,0.641561017411,-0.778973392306,-0.039219739968,0.930869670529,0.0114428374306,1.19318976965,0.0654457315332
3.390000,0.63940705494,-0.778471282906,-0.0397892020251,0.93105358247,0.0115280752629,1.19289619862,0.0655107402837
3.400000,0.637201375951,-0.777966561433,-0.0404468539908,0.931013828681,0.011800051961,1.1924169368,0.0660005147671
3.410000,0.635065575726,-0.777393127928,-0.0416134301549,0.931362835983,0.0122692592771,1.19189047314,0.0663915042843
3.420000,0.632583553393,-0.776697450814,-0.0429493370139,0.932162139413,0.0127770583855,1.19133687951,0.0664157044872
3.430000,0.630172135982,-0.776158178079,-0.0439510474592,0.93310419762,0.013104202793,1.1905448327,0.0664430805432
3.440000,0.627995975588,-0.775855992612,-0.0446574158564,0.933757157722,0.0132995481656,1.18990263369,0.0665417662386
3.450000,0.625551085494,-0.775416598059,-0.0453357037849,0.934445364105,0.0134294282153,1.18942537545,0.0666857005756
3.460000,0.623158378891,-0.77495513083,-0.045708947051,0.934801096541,0.0136527970532,1.18876017926,0.0667845095618
3.470000,0.620727020057,-0.774707036687,-0.0461008961343,0.934932028299,0.0141646271503,1.18804476735,0.0670712239459
3.480000,0.617970078475,-0.774084372553,-0.0468868046348,0.935523003475,0.014562267276,1.1873038711,0.067408727383
3.490000,0.6152311427,-0.77343302422,-0.0476153546402,0.936323908919,0.0148785609416,1.18647473434,0.0676226853015
3.500000,0.612739587069,-0.773220679116,-0.0477985780911,0.936816159312,0.0150805038925,1.18617119358,0.0678355470737
3.510000,0.610132663454,-0.772915531359,-0.0479135758437,0.937316156783,0.0152709106632,1.18606737146,0.0681205752402
3.520000,0.607517666814,-0.772184387427,-0.0480314986302,0.938067966085,0.0155532629627,1.18519659038,0.0684498698493
3.530000,0.605077324119,-0.771395009412,-0.0479623073075,0.939028153626,0.0159376412908,1.18405063145,0.0685910096536
3.540000,0.602391471159,-0.770808603479,-0.0481645914067,0.940058824065,0.0161202010843,1.18334005508,0.0686041311598
3.550000,0.599701315743,-0.77041120862,-0.0486029069515,0.94040381302,0.0159268167358,1.18276188603,0.0686923346814
3.560000,0.597403465324,-0.770075784942,-0.0489889636373,0.940639605832,0.0159546285946,1.18224404531,0.0690363216852
3.570000,0.594850819404,-0.769688720456,-0.0490218575135,0.941298248784,0.0164074804537,1.18200303592,0.0694867147996
3.580000,0.59201845519,-0.769351936635,-0.0485654391986,0.941696930564,0.0167170569087,1.1819240889,0.0696972790822
3.590000,0.589115599899,-0.768832735299,-0.0481251672274,0.941983765088,0.0166003047578,1.18153108358,0.0698946782913
3.600000,0.586231244905,-0.768255613874,-0.0481839999956,0.942650104671,0.0164575497753,1.18082764705,0.07003147627
3.610000,0.583486637244,-0.767806902565,-0.0481088133384,0.943637149842,0.0161572323036,1.1805329556,0.0701761198982
3.620000,0.580544013573,-0.767290297298,-0.047787137058,0.94467166272,0.0162296141654,1.1806490952,0.0704965828228
3.630000,0.57752325744,-0.766796410723,-0.0475998618429,0.945237960943,0.0166090793205,1.18046340751,0.0706323098341
3.640000,0.574617280992,-0.766608515169,-0.0477317451902,0.945395956986,0.0165501110415,1.1800211368,0.0708426943657
3.650000,0.571759114512,-0.76642622277,-0.0478520528511,0.945818933057,0.0165659538501,1.18018722371,0.0712804751413
3.660000,0.568957889281,-0.76592031016,-0.0476618225668,0.946232553534,0.0168119552894,1.18102593933,0.0714901840538
3.670000,0.56616348043,-0.765365582416,-0.0473369519314,0.946713304032,0.0166915751814,1.18188318807,0.0716696737994
3.680000,0.563568038293,-0.764995023667,-0.0470204364655,0.947327349679,0.0165061988517,1.18184182772,0.0718811998392
3.690000,0.560920917042,-0.764695309314,-0.0469739013682,0.948059874996,0.0166309580768,1.18066273785,0.072057292398
3.700000,0.558275547173,-0.764200130014,-0.0474200941486,0.948567628168,0.0165046469442,1.18010579308,0.0721259940702
3.710000,0.555736442946,-0.763586025886,-0.0475481731287,0.948762382033,0.0163254753376,1.18073982172,0.0721256940777
3.720000,0.552788195954,-0.763169917803,-0.0471136114775,0.949683032007,0.0166460505779,1.18044707767,0.072505027814
3.730000,0.549631533058,-0.763129993885,-0.0469865885234,0.95033761793,0.01682920194,1.17975405361,0.0728928641859
3.740000,0.546654353841,-0.762771152577,-0.0471176176349,0.950937042416,0.0162732417106,1.17963577221,0.0731339482596
3.750000,0.543722266612,-0.761855662213,-0.047006458698,0.951631045568,0.0158044356613,1.17959137192,0.0731407451811
3.760000,0.540597183416,-0.761305423065,-0.0469440966819,0.951851471206,0.0157622837168,1.17941643513,0.0731853764971
3.770000,0.537472869979,-0.761148975208,-0.0470229618156,0.951889816957,0.0160709955269,1.17937676624,0.0733792000112
3.780000,0.534621800654,-0.760752411419,-0.0469579299593,0.952119445914,0.0163376754472,1.17951447507,0.0736867664487
3.790000,0.531789658596,-0.760337860745,-0.0467907873545,0.953033737216,0.0160938884099,1.17941857898,0.074125815314
3.800000,0.528596230932,-0.759878553755,-0.0469095471961,0.954100603039,0.0161454258287,1.17917962223,0.0742509707432
3.810000,0.525208741211,-0.759276545264,-0.0470097034052,0.954806844487,0.0164298584265,1.17919720445,0.0742301376445
3.820000,0.522007934859,-0.758689395669,-0.046756748432,0.955007516863,0.0166652453191,1.17903244434,0.074286823097
3.830000,0.518871242799,-0.75802755962,-0.0466411648286,0.955427435979,0.0165714460244,1.17848661651,0.0744539748291
3.840000,0.51588109074,-0.757256783709,-0.046526279434,0.956120554094,0.0164249132921,1.17798402462,0.0745777473767
3.850000,0.513009162194,-0.756595450951,-0.0464781616233,0.956436089312,0.016685784769,1.17762898962,0.0746193947746
3.860000,0.509503175086,-0.756337490207,-0.0464877686043,0.956646613173,0.0166358035738,1.17739365701,0.0748606362077
3.870000,0.505850204776,-0.756133390386,-0.046320982753,0.956663754149,0.016440065881,1.17735266419,0.0751590724208
3.880000,0.502505498487,-0.755455211198,-0.0460735437359,0.957400468484,0.0164512591138,1.17733177376,0.075280045184
3.890000,0.499518837245,-0.754663176352,-0.0459620940326,0.95834023504,0.0166899190938,1.1774039468,0.0753806338794
3.900000,0.496925686197,-0.754346777917,-0.0459787099324,0.958903298504,0.0167280898989,1.17708544907,0.0757403180556
3.910000,0.493832990919,-0.754092052943,-0.0460506293513,0.959314591571,0.0167543196924,1.17651312423,0.0760481771422
3.920000,0.490281030118,-0.753602634707,-0.0457813144801,0.959735691245,0.0167322684011,1.17641671435,0.076154191312
3.930000,0.486761938424,-0.753029860697,-0.0457619435602,0.96044063513,0.0163366331612,1.1763821975,0.0760727789569
3.940000,0.482799529311,-0.752894814941,-0.046240345665,0.960831857079,0.01638935261,1.17623762938,0.0761055665235
3.950000,0.479411050685,-0.75267740249,-0.0460972469328,0.961130433308,0.0164052155216,1.17612781958,0.0765681248435
3.960000,0.476981578907,-0.751935339743,-0.0454766173576,0.961691947377,0.0162226152483,1.17610976249,0.0768385544917
3.970000,0.473847765353,-0.751293811169,-0.0451563511184,0.962499431386,0.0165735474614,1.1759537943,0.0769768519164
3.980000,0.470093880939,-0.750931054862,-0.0453004806871,0.963145629451,0.0169932555068,1.17586136145,0.0773418712425
3.990000,0.466681200663,-0.750632480869,-0.0453981950633,0.963138432874,0.0165751512557,1.17583206662,0.0772708467761
4.000000,0.464095586636,-0.750460663121,-0.04524515547,0.962801239177,0.0162216159186,1.17581668937,0.0772159453457
4.010000,0.46172938384,-0.750306868366,-0.0452957796176,0.963160987799,0.0162870240969,1.17595882196,0.077501812587
4.020000,0.458546078212,-0.750078120765,-0.0453027760113,0.964176688835,0.0161798170454,1.1757948703,0.077677599425
4.030000,0.455478376022,-0.74967945113,-0.0451064016625,0.964689306822,0.0161558516284,1.17523733896,0.077823637609
4.040000,0.452519897258,-0.749187194134,-0.0450234770607,0.964963792436,0.0161330577998,1.17531556416,0.0780001022615
4.050000,0.449324443281,-0.748900630732,-0.0446110799194,0.965377818756,0.0161590953535,1.17562237358,0.0781390856087
4.060000,0.446372247944,-0.74874093587,-0.0443536280631,0.965728619003,0.0165552282054,1.17539496042,0.0782508550621
4.070000,0.443668326762,-0.748537543987,-0.0442684247946,0.96601172499,0.016587824428,1.17518864276,0.0782661029724
4.080000,0.440495676399,-0.748195221723,-0.0442729144987,0.966281595468,0.0166781015,1.1748075387,0.0784214149575
4.090000,0.436908387123,-0.747914634016,-0.0443842682277,0.966272398385,0.0168490992577,1.17402073902,0.0786355676328
4.100000,0.434165556011,-0.747703129655,-0.0441168557537,0.966363108185,0.0165398203486,1.1742802762,0.0789159234811
4.110000,0.432086087594,-0.747384630634,-0.0439167257479,0.967133807367,0.0164404003425,1.17486113349,0.0790864181618
4.120000,0.428961181502,-0.747090285327,-0.0440817570956,0.967822350014,0.0166472306783,1.17472444166,0.0792199137565
4.130000,0.4253336268,-0.746845657387,-0.0442413093897,0.96821796653,0.0166643661644,1.17410715368,0.0793306628529
4.140000,0.42196663574,-0.746272424107,-0.04412739013,0.968611314895,0.016377533624,1.17405307248,0.0793346781924
4.150000,0.419125123029,-0.745786513198,-0.043862760682,0.969119419022,0.0163653926012,1.17447650438,0.0795423989835
4.160000,0.416603678592,-0.745752388091,-0.0438458844314,0.969819832184,0.0167867950729,1.17448117132,0.0798757725496
4.170000,0.413729232973,-0.745437029858,-0.0439183288585,0.970428440431,0.0167505954241,1.17427442342,0.0801110800335
4.180000,0.410702831164,-0.744696533175,-0.043931702363,0.970919315684,0.0165494180152,1.1743686879,0.0800729379624
4.190000,0.408063192975,-0.744299506109,-0.0437494235023,0.971339288192,0.0164822029998,1.17433227488,0.080014688358
4.200000,0.405477565569,-0.743757543994,-0.0437286388,0.971796500302,0.0165956170196,1.17485864562,0.0800316719711
4.210000,0.402928353205,-0.7430306981,-0.0434737871521,0.972411367372,0.0165255210065,1.17526381243,0.0802124544687
4.220000,0.40058891563,-0.742403967022,-0.0433269644323,0.972602081695,0.0162883910292,1.17538402534,0.0804472879758
4.230000,0.39813781666,-0.741981310411,-0.0434546899613,0.972884753875,0.0164759727537,1.17563341756,0.0803487395642
4.240000,0.395656391162,-0.741817901603,-0.0432567737445,0.973496311766,0.0165702272968,1.17531467257,0.0802715990978
4.250000,0.393118248599,-0.741508731598,-0.0431818806875,0.974141278798,0.0164456532046,1.17503235101,0.0805756854429
4.260000,0.390541788608,-0.741201403999,-0.0430961387383,0.974472678749,0.0164839266182,1.17495458018,0.0807741925478
4.270000,0.388262552019,-0.74089590946,-0.0424359027112,0.974688303725,0.0166919390307,1.1750619133,0.0806372768706
4.280000,0.386230905702,-0.740535921575,-0.041975759289,0.975050693192,0.0167661692469,1.17515224822,0.0806401248202
4.290000,0.384553845406,-0.739994566027,-0.0421629253068,0.975410969697,0.0166059780078,1.17480276433,0.0803752137985
4.300000,0.383028359365,-0.739417201,-0.0425578519167,0.975824311611,0.0164946495237,1.17454037829,0.0800653893525
4.310000,0.381186241702,-0.739152402883,-0.0425663821868,0.976308396574,0.0165923632807,1.17479525631,0.0800909451693
4.320000,0.37965330535,-0.739006731486,-0.0422422478602,0.976629470619,0.0165216534945,1.17456810798,0.0800791837413
4.330000,0.37834930873,-0.738767084742,-0.0418785033893,0.976885993282,0.0166859814501,1.17415427864,0.0805367260311
4.340000,0.376836287349,-0.738657558894,-0.0419915800647,0.977419157661,0.0168076096922,1.17446715024,0.0808530189513
4.350000,0.375575918337,-0.738408857752,-0.0425001551886,0.977809335238,0.0166052200779,1.1744813414,0.0804465049445
4.360000,0.374303561251,-0.737914613814,-0.042502902618,0.977842753093,0.0165325660477,1.17429089599,0.080298907468
4.370000,0.372837827061,-0.737817313813,-0.0420080044342,0.978119156933,0.0167489494952,1.17450078167,0.0804614100053
4.380000,0.371428720246,-0.737861254409,-0.0416683063832,0.978742305559,0.017003222327,1.17474630139,0.0807994186257
4.390000,0.370282671201,-0.737554056056,-0.041540547066,0.979051523248,0.0167696873117,1.17530128606,0.0811658724742
4.400000,0.369624644364,-0.73734607875,-0.0415032537188,0.979184574484,0.0165954817819,1.17570911155,0.0815247419175
4.410000,0.369155110895,-0.737223625298,-0.041374885858,0.979233090829,0.0168863898462,1.17585019844,0.0813897642292
4.420000,0.368743974254,-0.737124026943,-0.0412919683722,0.978942780609,0.0169359628971,1.17643026107,0.0811315036667
4.430000,0.368167493932,-0.73687406431,-0.04113725307,0.978601207045,0.0163952046676,1.1772446011,0.0814162991252
4.440000,0.367561119108,-0.736804492427,-0.0413423913308,0.978518738135,0.0162692542921,1.17792362458,0.0817733250004
4.450000,0.367357370216,-0.736763552264,-0.0413397378242,0.978689371637,0.0167413908348,1.17811309601,0.0820043964607
4.460000,0.367194596166,-0.736878956494,-0.0413672273816,0.979431382608,0.0170538098732,1.1785894556,0.0820768588582
4.470000,0.366914655915,-0.736945307,-0.0412386701173,0.98038015106,0.0168227510915,1.17922307842,0.0818372234146
4.480000,0.36659100643,-0.736780635782,-0.0409513798802,0.980754492961,0.0166712357309,1.17988522741,0.081883100478
4.490000,0.366519713309,-0.736330757407,-0.0411870355146,0.981256759709,0.0164923287086,1.18109178812,0.0822134388105
4.500000,0.366919775316,-0.735909237455,-0.0413396371353,0.981730389205,0.0165189256144,1.1822137676,0.0826458035392
4.510000,0.36696395033,-0.735644632997,-0.0413679824469,0.98189535327,0.0165966665047,1.18292304062,0.0827163634289
4.520000,0.367242099205,-0.73533133954,-0.0411456952498,0.981867642908,0.0169387354699,1.18371657999,0.0828064422996
4.530000,0.368044344097,-0.734938942319,-0.0405433339123,0.982331866421,0.0171490034158,1.18450456301,0.0831615514429
4.540000,0.368473768341,-0.734752383286,-0.0405957126127,0.982962398918,0.017132145313,1.18535138613,0.0832612240113
4.550000,0.368676601349,-0.73468433997,-0.0407337346881,0.983135826499,0.0166684181884,1.18601332323,0.083085618007
4.560000,0.369233635454,-0.734043519101,-0.0406564177724,0.983601118885,0.0163999295754,1.18699421509,0.0833613012359
4.570000,0.370047957944,-0.733312240422,-0.0407203399778,0.983760178381,0.0167201862042,1.18867860627,0.0833806107374
4.580000,0.370863827633,-0.73310742402,-0.0405358845991,0.983619596672,0.0167712779205,1.18977973299,0.0832329922697
4.590000,0.372086703332,-0.733035871802,-0.040548668079,0.983801070588,0.0168590040441,1.19115277777,0.0833884032484
4.600000,0.373352890531,-0.732993904586,-0.0403255519483,0.984422176122,0.0166149661714,1.19290344607,0.0838243125369
4.610000,0.374135374944,-0.732924957792,-0.0402057556009,0.984720216566,0.0162095559584,1.19468476261,0.0840340207619
4.620000,0.3754181538,-0.732744517465,-0.0405140245674,0.985016458551,0.0162680282822,1.19673366116,0.0844596432341
4.630000,0.377063058569,-0.732233911975,-0.04022725562,0.985358201466,0.0161018345868,1.19914234417,0.0846207807056
4.640000,0.378177542363,-0.731930539325,-0.0397179144935,0.985971785825,0.015703636029,1.20123907151,0.0842583010165
4.650000,0.378957690297,-0.73165345039,-0.0398279009987,0.98686936708,0.0157451083269,1.20308415866,0.0842714834965
4.660000,0.379868115621,-0.73113343513,-0.0399213621291,0.987287055411,0.0162274676622,1.20481548287,0.0846314033395
4.670000,0.381307553151,-0.731073009356,-0.0398525999421,0.987201946339,0.0166849058945,1.20708320906,0.0845924248477
4.680000,0.383085105865,-0.730998459411,-0.0397842724364,0.987260789707,0.0163601093687,1.20949254553,0.084506639781
4.690000,0.384546742475,-0.730715371519,-0.0396700586084,0.987248467985,0.0163163593207,1.2120152436,0.0845985435154
4.700000,0.386176932067,-0.730300916941,-0.0394692016219,0.987593012593,0.0162312784731,1.21471999321,0.084543976515
4.710000,0.387902902115,-0.729996195271,-0.0393708989834,0.988308937756,0.016288583324,1.21716256568,0.0846977344071
4.720000,0.3894220305,-0.730076436453,-0.0393355828446,0.989110561424,0.0160827167989,1.21882024708,0.0850294570251
4.730000,0.391229650371,-0.729993763439,-0.0393296372881,0.989759449888,0.0156842270025,1.22039292142,0.0853432988194
4.740000,0.392745949932,-0.729690652785,-0.0396068371097,0.990349327703,0.0159528939473,1.22168539276,0.0851685686932
4.750000,0.394431810171,-0.729820013289,-0.0397530246196,0.991324707012,0.0160211886546,1.22220574026,0.0851330783305
4.760000,0.396227681488,-0.729923239346,-0.0398218443745,0.992181142993,0.016051430772,1.22208213149,0.0856571894321
4.770000,0.397790151375,-0.729742534535,-0.0397881195306,0.992807758852,0.0163385218994,1.2218084615,0.0860727664145
4.780000,0.399045043104,-0.729696848549,-0.0398269146323,0.993452280187,0.0162077376523,1.22170027239,0.0862380620169
4.790000,0.400435868849,-0.729595887985,-0.0401978350342,0.993852785471,0.0162227941572,1.22150438815,0.0858167765539
4.800000,0.402385377036,-0.729239330144,-0.0401088218532,0.994061532738,0.0163046835199,1.22086941729,0.0856733865919
4.810000,0.404291843197,-0.728986692151,-0.0396252314407,0.994109944247,0.0159953076456,1.21976297505,0.0861294393502
4.820000,0.405731526739,-0.728845023102,-0.0392071245011,0.994692736215,0.0158811269224,1.21907518769,0.0865240414093
4.830000,0.407296803918,-0.728728744447,-0.0388514950194,0.995279425878,0.0162293872814,1.21878438331,0.0864030554888
4.840000,0.408758133616,-0.728538209805,-0.0390534761845,0.995411754258,0.0164435644189,1.21825769358,0.0861557804907
4.850000,0.409858640992,-0.728120787407,-0.0393873424123,0.995759966456,0.0166663885749,1.21784309924,0.086085475107
4.860000,0.411196097448,-0.727898647578,-0.0393387501816,0.995828349277,0.0170563154638,1.21758193258,0.0862665125711
4.870000,0.412709334673,-0.727476256127,-0.0395308639805,0.995785662598,0.0172791409187,1.21765000027,0.0865924900489
4.880000,0.41388223152,-0.727131851731,-0.0397077032122,0.99621442342,0.0170933123965,1.21759289617,0.08649993186
4.890000,0.415217339713,-0.72692962265,-0.0388654194452,0.996635321336,0.0172088839101,1.21767102528,0.086041603375
4.900000,0.416585563154,-0.72680705378,-0.0388648836615,0.997009087315,0.0176561684897,1.21769919777,0.085834823548
4.910000,0.418080477469,-0.726205825927,-0.0392401843341,0.997746194868,0.0177682512196,1.21746491673,0.0853111789282
4.920000,0.41956054999,-0.725522918333,-0.038998963386,0.998327008237,0.0179290194413,1.21729338164,0.0851670041789
4.930000,0.420820456852,-0.725241170675,-0.0385144954896,0.998481075148,0.0176691374022,1.21697529261,0.0853349710533
4.940000,0.421936442581,-0.724900300696,-0.0381867148457,0.999035024065,0.017940917843,1.21648146709,0.0854354682346
4.950000,0.423131671394,-0.724491785404,-0.0381812332467,0.999359557968,0.0179319762367,1.21670427202,0.085830278951
4.960000,0.424761162568,-0.724245677331,-0.038561664478,0.999115038806,0.0175122583624,1.21694471585,0.0857458621711
4.970000,0.426331211986,-0.723739966407,-0.038323721535,0.999226930221,0.0172830124025,1.21680047066,0.0857066795556
4.980000,0.42749457619,-0.723626290334,-0.0378814225819,0.99989279208,0.0175082527676,1.21727601776,0.0859341288396
4.990000,0.428925766275,-0.723877282231,-0.0377270777073,1.00065259264,0.0181650535996,1.21791574668,0.0860211287518
5.000000,0.430554321875,-0.723677241742,-0.0379279633506,1.00123202309,0.0181642473758,1.21821104343,0.0858989597225
5.010000,0.431965238293,-0.723134031414,-0.0385347617959,1.00150268567,0.0179912376542,1.2184695581,0.0858515930249
5.020000,0.433329041297,-0.722979370743,-0.038577305459,1.00194636043,0.0179930238773,1.21843930794,0.0859795253411
5.030000,0.434373247794,-0.722924911042,-0.0379975575548,1.00256347744,0.018033094016,1.21790003086,0.0863412863816
5.040000,0.435445322613,-0.722773278633,-0.0375902153276,1.00325420974,0.0181357939585,1.21763104868,0.0863293736459
5.050000,0.436786048387,-0.722545883611,-0.0375363216327,1.00418002351,0.0179260381038,1.21789300354,0.086414831898
5.060000,0.437946642829,-0.722323035979,-0.037482773348,1.0050113886,0.0175108489075,1.21784169788,0.0867811090713
5.070000,0.43885815188,-0.721822520431,-0.0375420412886,1.00565900002,0.0177859237524,1.21800336311,0.0865923427136
5.080000,0.440211680463,-0.72159797057,-0.038051368889,1.00665862122,0.0180432113035,1.21855474202,0.0867117786607
5.090000,0.441701262279,-0.721452835091,-0.0386302808206,1.00769265395,0.0179302535715,1.21927205705,0.0872516398893
5.100000,0.442654740375,-0.721267774284,-0.0383312749848,1.00889944513,0.017798788359,1.21944047357,0.0871636546218
5.110000,0.443496514324,-0.721263751556,-0.037574428437,1.01028251321,0.0174421943445,1.2193481381,0.0868922534767
5.120000,0.444607892975,-0.720975924891,-0.0373106960437,1.01155331208,0.0176930827173,1.21965324573,0.0870472633299
5.130000,0.445754993505,-0.720274301123,-0.0378483310704,1.01237326787,0.0180071920626,1.21984947827,0.0873709681383
5.140000,0.446782113528,-0.719522212877,-0.037957233416,1.01304001773,0.0181936918545,1.22053764513,0.0873255639101
5.150000,0.448187053694,-0.71917133729,-0.0372299835209,1.01416665588,0.0180515312166,1.22126825035,0.0870433842643
5.160000,0.449283857621,-0.718815919617,-0.0372093550718,1.01515923441,0.0181918473719,1.22116040225,0.0873398907377
5.170000,0.449864001978,-0.71864134692,-0.0375130117775,1.01599920017,0.018164289514,1.22050870345,0.0875245898696
5.180000,0.450896413041,-0.71839714434,-0.0376433712048,1.01712181383,0.0177767694246,1.22010766435,0.0874729403506
5.190000,0.452413805146,-0.717808044658,-0.0375939476441,1.01804160297,0.0174586160262,1.22005358932,0.0874002480677
5.200000,0.453560275934,-0.71689509378,-0.0375448439375,1.01845948709,0.017453871686,1.2203953879,0.0877982825042
5.210000,0.454240844037,-0.716188964815,-0.0375301026781,1.01893697687,0.0176369643327,1.22087707688,0.0878847947139
5.220000,0.455393551593,-0.715738645736,-0.0375875998088,1.01983786228,0.0176723335356,1.22133128554,0.0877487681977
5.230000,0.456595087376,-0.715085488961,-0.0374423172192,1.02064978597,0.0178470986483,1.22143314862,0.0876536304058
5.240000,0.457851165026,-0.714544426097,-0.0372752655052,1.02126008879,0.017964631664,1.22138691338,0.087615221923
5.250000,0.458725403872,-0.714462396782,-0.0371408636599,1.02216767848,0.0176868086919,1.22148078819,0.088038042498
5.260000,0.45977555847,-0.713713183277,-0.0368903710622,1.02279510318,0.0176016491321,1.22151872054,0.0884139133531
5.270000,0.460818888165,-0.712588623415,-0.0372100124743,1.02330138659,0.0176240787023,1.22109497225,0.0882101521138
5.280000,0.461921693993,-0.711814516739,-0.0371302666469,1.02368718208,0.017358926523,1.22068449995,0.0882317842658
5.290000,0.463200100902,-0.711708558982,-0.0369111565795,1.02379186467,0.017846760666,1.2208128919,0.0885331289584
5.300000,0.464104802017,-0.711549406678,-0.0367141768544,1.0245313819,0.0182582067701,1.22102777269,0.0885966777688
5.310000,0.464707985895,-0.7106328357,-0.0368409580939,1.02541381901,0.018183369125,1.22075954086,0.0888230338432
5.320000,0.465730112993,-0.710087192519,-0.0369487084703,1.02561336355,0.0180247953801,1.22011147282,0.0888184617153
5.330000,0.4665805256,-0.709542233215,-0.0367954176032,1.02555090297,0.0176567210614,1.21971203273,0.0891269055202
5.340000,0.467780800228,-0.708935301732,-0.0368467429496,1.02542279181,0.0176583593576,1.21968693039,0.0892715081387
5.350000,0.46906590696,-0.708018219766,-0.0368597889997,1.02540845058,0.0176599890602,1.22014240063,0.088960020196
5.360000,0.469892132513,-0.706963276224,-0.0366151074335,1.02583908619,0.0176923909389,1.22038002033,0.0891870200007
5.370000,0.47049685876,-0.706346423353,-0.0367266940924,1.02633336402,0.0178348431787,1.21999485765,0.0890865043797
5.380000,0.471467967216,-0.705680690538,-0.0365419070884,1.02671582051,0.0178820843275,1.21972090306,0.0889398766517
5.390000,0.472461909406,-0.704912593444,-0.0364834013688,1.02670847992,0.0178101368399,1.21977780289,0.0888969860823
5.400000,0.473591280783,-0.704422328966,-0.0366569065178,1.02688681323,0.0176864674086,1.21939444928,0.0890921399286
5.410000,0.474762445681,-0.703836900317,-0.0367553132645,1.02706404581,0.0175105005122,1.21914644619,0.0893689312694
5.420000,0.475850194696,-0.703348082658,-0.0367008946719,1.02721082519,0.0178426905735,1.21940709798,0.0892491497478
5.430000,0.476836297588,-0.702767882442,-0.0363284661889,1.02721489389,0.017861479048,1.21938397675,0.0893177127856
5.440000,0.477722998683,-0.702281728008,-0.0362684855694,1.02725765959,0.0176164273517,1.21929689726,0.0894146633312
5.450000,0.478641228105,-0.701676610438,-0.0364160455684,1.02777209699,0.0173042732778,1.2193898188,0.0896253288789
5.460000,0.479230801407,-0.70102358875,-0.036318464622,1.02832329683,0.0171247962201,1.21917953514,0.0897400833932
5.470000,0.480096405247,-0.700221496351,-0.0360523584178,1.02852289386,0.0174591791504,1.21909097982,0.0897859196011
5.480000,0.481025952577,-0.699626703652,-0.0361972444896,1.02880537712,0.0175386806821,1.21924360004,0.0900430888792
5.490000,0.481740001062,-0.699176575504,-0.036231517792,1.02876591871,0.0176643433188,1.2193755961,0.0901369066221
5.500000,0.482637704645,-0.69887816555,-0.0355175112523,1.0283263684,0.0179590191179,1.21961279732,0.0903726553609
5.510000,0.483529536991,-0.698024906717,-0.0359611855178,1.02882022257,0.0181978654079,1.21936943773,0.0905458324385
5.520000,0.484415535084,-0.697841155002,-0.0363233350451,1.02989189597,0.0182608958485,1.218698924,0.090126712363
5.530000,0.485268595001,-0.697645943018,-0.0360650281705,1.03005076792,0.017687685558,1.21815738309,0.0898132963246
5.540000,0.48605381181,-0.696835631521,-0.0358826690366,1.02985132159,0.0176622629139,1.218074371,0.0901860981717
5.550000,0.487187153824,-0.696374094939,-0.0357949288685,1.02979511837,0.0175202423827,1.21856474774,0.0901021243574
5.560000,0.488288764061,-0.6968893406,-0.0358588250312,1.02981348702,0.0174987094072,1.21869379011,0.0898066318098
5.570000,0.488785325767,-0.696998234284,-0.0360834759544,1.02995006725,0.0176413586077,1.21863066917,0.0900390200954
5.580000,0.489781195657,-0.69648073382,-0.0362348249648,1.03035315319,0.017329258182,1.21854266791,0.0902690825656
5.590000,0.490651965959,-0.696376408876,-0.0355495454782,1.03082344514,0.0171385766988,1.2183113843,0.0902141173322
5.600000,0.491323918439,-0.696389942054,-0.0356302816636,1.03120105446,0.0175044580648,1.21802846087,0.0904195608562
5.610000,0.492302907309,-0.696234070444,-0.0361482985623,1.03108666956,0.0176996432535,1.217848927,0.0908680645321
5.620000,0.493108184135,-0.695598478169,-0.0358930563433,1.03080734529,0.0176767334033,1.21795729778,0.0909286286179
5.630000,0.493450599652,-0.695226146234,-0.0353741808308,1.03085923268,0.0175344804817,1.2184044803,0.0910137049738
5.640000,0.494262429555,-0.695175463111,-0.0352823457212,1.03143303143,0.0174843604203,1.21822702505,0.091218313942
5.650000,0.495758057844,-0.695191302062,-0.0356597236057,1.03138994833,0.0175357558858,1.21792183915,0.0912819048291
5.660000,0.496623991283,-0.695435976782,-0.0357184558377,1.03151721602,0.0175567056348,1.21789156657,0.0910246967918
5.670000,0.497029606726,-0.695119047961,-0.0354239642524,1.03149926244,0.0180449757367,1.21768291368,0.0911975388828
5.680000,0.497803801059,-0.694724045384,-0.0351358542325,1.03145246172,0.0180787129568,1.2179150466,0.0914801713965
5.690000,0.498451405881,-0.695054264841,-0.0354929299067,1.03160124225,0.0175192611913,1.21791345455,0.0912948841413
5.700000,0.499232578384,-0.695555864567,-0.0354575085717,1.03174908554,0.0173942003833,1.21746005608,0.0910875767564
5.710000,0.500334570449,-0.695237019771,-0.0354223197166,1.03187300281,0.0178545614163,1.21740287804,0.0912312776084
5.720000,0.501018416434,-0.695116719248,-0.0353873618687,1.03182815504,0.0181114207885,1.21736901135,0.0916886812086
5.730000,0.501706261337,-0.695065842881,-0.0353755221277,1.03165283103,0.0177159642853,1.2174347208,0.0914017054271
5.740000,0.502724209722,-0.695405980096,-0.0354642173048,1.03188973846,0.0177172762454,1.21721905395,0.0914048723482
5.750000,0.503410519385,-0.695592353147,-0.0353817490149,1.03209486331,0.017696440984,1.2166431327,0.091513631866
5.760000,0.504053544821,-0.695411241246,-0.0355301127178,1.03186090749,0.0175747226052,1.21676823492,0.09153718588
5.770000,0.504595273007,-0.695693699235,-0.0356680418864,1.03217008933,0.0176679084714,1.21740413655,0.0917699636243
5.780000,0.505665545787,-0.695555997772,-0.0351280754398,1.03248862357,0.0177765595591,1.21737055851,0.0916572062157
5.790000,0.50629404558,-0.695273385023,-0.0351816214751,1.03246111884,0.0177121915998,1.21662431497,0.0915327208238
5.800000,0.506775746415,-0.694979748756,-0.0349360922187,1.03242097152,0.0180715535471,1.2165040422,0.0917538049421
5.810000,0.507541493998,-0.695033070663,-0.0352304413136,1.03270578834,0.01773844758,1.21685253534,0.0920286561269
5.820000,0.508107665544,-0.695140549407,-0.0350849653533,1.03285715017,0.0173183363523,1.21681941165,0.0922087716281
5.830000,0.509141966084,-0.69519449091,-0.0347934950348,1.0326667306,0.0171951998357,1.21691223184,0.092109989812
5.840000,0.510098547778,-0.695266501534,-0.034835593835,1.0329139853,0.0173274952748,1.21689594824,0.0916279296417
5.850000,0.51062988389,-0.69498929268,-0.0349144673281,1.0332852023,0.0177514008618,1.21662276419,0.0917911517985
5.860000,0.511466282934,-0.694674884104,-0.0351242314189,1.03325302967,0.0178999524617,1.21642388616,0.0920847131107
5.870000,0.512098528138,-0.694526636606,-0.0349088802919,1.0336793587,0.0179380299649,1.2162972097,0.0919526112156
5.880000,0.512887539021,-0.694066220002,-0.0350435695546,1.03392567888,0.0176966459011,1.21611826656,0.092170005154
5.890000,0.514154567608,-0.693442224834,-0.0351967968588,1.0339620862,0.0173849377883,1.21567955643,0.0924053959912
5.900000,0.514530597681,-0.69359170582,-0.0349618839973,1.0343341246,0.0171632755042,1.21575808892,0.0923274065726
5.910000,0.5149404128,-0.693781433202,-0.0343953345486,1.0342429503,0.0175510700981,1.21554707292,0.0924888804866
5.920000,0.515495698293,-0.693413503184,-0.0339734760156,1.03427747795,0.0179216980431,1.21475900872,0.0927651576765
5.930000,0.515793349004,-0.693350451679,-0.0341086179199,1.03484067015,0.0180567084437,1.21427651129,0.0924784663805
5.940000,0.516796531456,-0.693039595073,-0.0342847185568,1.03564458913,0.0174490632056,1.21402637073,0.0926349076728
5.950000,0.517856791743,-0.692918538436,-0.0342547864458,1.03569675184,0.0171095203011,1.21344229577,0.0929283936247
5.960000,0.518372142845,-0.692632427306,-0.0342427915024,1.0356973397,0.0175981573877,1.21298357383,0.0927535041889
5.970000,0.519006101872,-0.69219195732,-0.0344132109675,1.03540754031,0.0176884713137,1.21291927546,0.0926363486123
5.980000,0.520014601294,-0.692214342435,-0.0349034705184,1.03549759166,0.0177883182878,1.21272421592,0.0924949942796
5.990000,0.520672715429,-0.692493372386,-0.0351061063079,1.03529058846,0.017540786127,1.21260268932,0.0926742971059
6.000000,0.520798213122,-0.692097862748,-0.0347045133493,1.03501519636,0.0177669241213,1.21248681124,0.0926343231395
6.010000,0.521221834764,-0.691912997971,-0.0344678852416,1.03526932425,0.0179006657039,1.21250516321,0.0925964758755
6.020000,0.522345285774,-0.692243290279,-0.0344557064656,1.03528363867,0.0178118612613,1.21288171865,0.0930398505092
6.030000,0.5229000453,-0.692259585857,-0.0345754325086,1.03516845436,0.0177094658859,1.21231528301,0.0929380089355
6.040000,0.522954022893,-0.69187490304,-0.0345902329279,1.0356275418,0.0179452098731,1.21203589285,0.0929409785606
6.050000,0.524042609887,-0.691153910641,-0.0343542266201,1.03562420076,0.0175887331332,1.21234901782,0.0931795328819
6.060000,0.524958611434,-0.691042168441,-0.0343112333933,1.03531074767,0.0175610435146,1.21234872093,0.0930759508466
6.070000,0.525154607714,-0.690796828765,-0.0341342081688,1.0352636348,0.0179214821855,1.21210961481,0.093090056439
6.080000,0.525781456075,-0.690670121759,-0.0340753835778,1.03512550597,0.0179685999596,1.21224482241,0.0934794732348
6.090000,0.526524829927,-0.690949772652,-0.0344081859962,1.03476351317,0.0177448450744,1.21259024301,0.0934065436398
6.100000,0.527011822651,-0.691051358105,-0.0343984062288,1.03439603297,0.0175968318004,1.21290671098,0.0930591250924
6.110000,0.527203383484,-0.690821768821,-0.0338603445482,1.03455769829,0.0175646267495,1.21292511765,0.0934030028117
6.120000,0.527963090383,-0.690858727471,-0.0337529452945,1.03446061691,0.0179264752084,1.21279481816,0.0935409029417
6.130000,0.528752644266,-0.691310241476,-0.0342988356338,1.03454511926,0.0179473353251,1.21247405655,0.0931752355956
6.140000,0.52917709795,-0.69096255492,-0.0343671211535,1.03432993579,0.0174316326763,1.21178344573,0.0933821585204
6.150000,0.529573657883,-0.690561901411,-0.0347317414421,1.03400696697,0.017323021827,1.21159134151,0.09363641926
6.160000,0.530466255199,-0.690914754677,-0.0349036547019,1.03394243705,0.0176051942802,1.21149735564,0.0936660562865
6.170000,0.53130951717,-0.691001161227,-0.0338547950793,1.03367472101,0.0175680017303,1.21171210317,0.0935452768152
6.180000,0.531668911652,-0.691275659248,-0.0336158212555,1.03355870269,0.0179332703953,1.21214914989,0.0933865114831
6.190000,0.532237806282,-0.691235881073,-0.0335903157669,1.03348120292,0.0179600179352,1.212570779,0.0936030029898
6.200000,0.532802926574,-0.690920730809,-0.0336024048592,1.03302547876,0.0174468160528,1.21216630538,0.0940085948944
6.210000,0.533364296924,-0.690669844001,-0.0340301136764,1.03236587907,0.0173676161259,1.21205046811,0.0941017693976
6.220000,0.533921941575,-0.690357584683,-0.034180864861,1.03188271436,0.0180889383682,1.21191042298,0.0939177962157
6.230000,0.534498968023,-0.690108685495,-0.0338010715541,1.03176308521,0.0180561776605,1.21159196357,0.0937963495417
6.240000,0.535347903087,-0.689823682755,-0.0337389934002,1.03170673796,0.0177157613427,1.21159797466,0.0936205491394
6.250000,0.535841921913,-0.690069969443,-0.0333807895271,1.03158704275,0.0178350587044,1.21119256404,0.0936607709485
6.260000,0.535737480025,-0.690574267425,-0.0336339024304,1.03151909948,0.0175808512701,1.21110727305,0.0937230212317
6.270000,0.536428537507,-0.690545237755,-0.0334236553916,1.03120057419,0.0180816555794,1.21145979399,0.0940765049995
6.280000,0.53701831391,-0.690245164659,-0.0338564923044,1.03042100677,0.0178857924313,1.21179957935,0.0943663132441
6.290000,0.537333935525,-0.690161585707,-0.0339979486783,1.02933446138,0.0173430967613,1.21197832091,0.0938754184946
6.300000,0.537882495847,-0.690098315386,-0.0333297483375,1.02900102984,0.0177605175349,1.21193072519,0.093649605015
6.310000,0.538710579099,-0.690328823347,-0.0334576055761,1.02909296663,0.0174484394833,1.21169086463,0.0940678858766
6.320000,0.539344293551,-0.690510768697,-0.0334804026304,1.02905222257,0.0171854546928,1.21078892108,0.0943337876071
6.330000,0.539446588693,-0.690050339942,-0.0330876057499,1.02922150015,0.017556032531,1.20990175165,0.0945147124314
6.340000,0.540270545405,-0.689751469891,-0.0330011937746,1.02912569053,0.0176339675622,1.21018823131,0.0944477071656
6.350000,0.540898809219,-0.689671103134,-0.0330453642382,1.028645393,0.017870927355,1.21059791067,0.0940481073413
6.360000,0.540953527106,-0.689616881807,-0.0329783559974,1.02870611521,0.0180644017246,1.21072296831,0.0940940545331
6.370000,0.541306315103,-0.690020426274,-0.0334973805489,1.02816356857,0.0175671299901,1.2108887688,0.0942830912432
6.380000,0.541749128215,-0.690600744558,-0.0339143195515,1.0285758222,0.017795855507,1.21052276561,0.0943784983369
6.390000,0.542466109291,-0.690529877698,-0.033884061573,1.02894240418,0.0179497165591,1.20988893006,0.0942116123803
6.400000,0.542952620399,-0.690587938094,-0.0336929762833,1.02864958017,0.0179942049136,1.2096498862,0.0945610291449
6.410000,0.543292069597,-0.690253418522,-0.0332979242872,1.02836370383,0.0174569584709,1.20993688365,0.094878279463
6.420000,0.543865661066,-0.689674332129,-0.0333614493014,1.02821437206,0.0171822692772,1.2103553294,0.0946937267301
6.430000,0.54448267281,-0.689831038411,-0.0334717920068,1.0276700214,0.0175689017512,1.21061883228,0.0947365932537
6.440000,0.544517442619,-0.689909789152,-0.0330088994315,1.02687063693,0.0177875878752,1.21053925255,0.0949323077449
6.450000,0.544995939604,-0.689902541235,-0.0331470111066,1.02697063606,0.0176350234645,1.20952742477,0.0951767751585
6.460000,0.545483875128,-0.689756947282,-0.0333497303598,1.02721102922,0.0175590167541,1.20920570364,0.0948919808722
6.470000,0.546270683208,-0.689740751565,-0.0333233711139,1.0272020069,0.017468537619,1.20939590148,0.0944851507027
6.480000,0.54702089517,-0.68930085695,-0.033159448309,1.0266830536,0.0171881434133,1.2093629622,0.0946790064389
6.490000,0.547102256236,-0.689464721855,-0.0333812641385,1.02639562841,0.0175734676539,1.20933567676,0.0949272766464
6.500000,0.547335164268,-0.68959161558,-0.0337031935154,1.02642732733,0.0177875337998,1.20945156939,0.0946589555395
6.510000,0.547635330668,-0.689010165345,-0.032928801221,1.02688740492,0.0174787595399,1.20932458191,0.0947179118606
6.520000,0.547872335407,-0.68932149046,-0.0329418165283,1.0267284843,0.0173540225033,1.20884407921,0.0952604860259
6.530000,0.548475496445,-0.689470510693,-0.0337472222675,1.02630515337,0.0179552727599,1.20880755501,0.0949092963479
6.540000,0.548841144135,-0.689244000769,-0.033626461445,1.02677088912,0.0178672308412,1.2086168718,0.0947206484175
6.550000,0.549151718061,-0.689106652922,-0.0328456212775,1.02676677562,0.017572269553,1.20836399126,0.0949198320359
6.560000,0.549894903162,-0.689259375346,-0.0326970963224,1.0264044895,0.0176486956027,1.20849914165,0.0954928042496
6.570000,0.550268313867,-0.689031210561,-0.0334474154968,1.026650038,0.017739349065,1.20901244493,0.0958196024445
6.580000,0.55092769679,-0.688895116015,-0.033410263593,1.02696313044,0.0178736883363,1.20943224704,0.0953169894872
6.590000,0.551049863234,-0.689219652743,-0.0327009543963,1.02705186135,0.017100134336,1.20924633256,0.0951923952089
6.600000,0.551182297737,-0.689540404178,-0.0329952246169,1.02729827084,0.0169620283429,1.20914331137,0.0952079698355
6.610000,0.551681832207,-0.689859104785,-0.0332739122556,1.02776952955,0.0174200818379,1.20918330583,0.0947160266779
6.620000,0.55188286546,-0.69017463659,-0.0331839117451,1.02823659653,0.0177335420096,1.20908074155,0.0952863184978
6.630000,0.552464931882,-0.690183160231,-0.033396069709,1.02839326193,0.0180368137067,1.20913162663,0.0954599519759
6.640000,0.553116567146,-0.690043570723,-0.0333765903119,1.02824600706,0.0176497524533,1.20934496596,0.094716659853
6.650000,0.553689780941,-0.689893038586,-0.0331969647387,1.02832678874,0.0174228543202,1.20953340875,0.0947609662284
6.660000,0.554021172784,-0.689519446522,-0.0324793804303,1.02825212173,0.0175824305275,1.20912082684,0.0954871315921
6.670000,0.553815624504,-0.689527149902,-0.0323988590005,1.02825992237,0.0179710112816,1.20923800217,0.0955174945935
6.680000,0.554153707208,-0.689389267606,-0.0331450170842,1.02857036949,0.0178891223921,1.20874857787,0.0955476563742
6.690000,0.555258721622,-0.689872329139,-0.0327388707639,1.02849462076,0.0177380104696,1.20887700386,0.0955776182269
6.700000,0.555730089657,-0.690429089065,-0.0326435820557,1.02849681142,0.0180433580795,1.20907748619,0.0956073814364
6.710000,0.555368885083,-0.690595134024,-0.0325406700297,1.02849134699,0.0176575269988,1.20873471545,0.0956369472799
6.720000,0.555998723812,-0.690531352129,-0.0320621963668,1.02826614704,0.017742194013,1.20840318809,0.0956663170267
6.730000,0.556552383905,-0.690467996357,-0.0323582230813,1.02841858106,0.0180489870099,1.20860685646,0.0956954919388
6.740000,0.557332169618,-0.690404708586,-0.0331098778094,1.0281113054,0.0176651072606,1.20857922322,0.0957244933647
6.750000,0.558100383801,-0.690340972454,-0.0338387637713,1.02781494685,0.0172925153196,1.20855162403,0.0957533515946
6.760000,0.558857207123,-0.690276816999,-0.0345453905037,1.02752925382,0.0169309615215,1.20852406316,0.09578206607
6.770000,0.559602817377,-0.690212270485,-0.0352302574485,1.02725397977,0.0165802011151,1.20849654473,0.0958106362694
6.780000,0.560337389528,-0.690147360417,-0.0358938541394,1.02698888307,0.0162399941733,1.20846907278,0.0958390617078
6.790000,0.561061095758,-0.690082113559,-0.0365366603859,1.02673372694,0.0159101055032,1.2084416512,0.0958673419356
6.800000,0.561774105512,-0.690016555952,-0.0371591464543,1.02648827936,0.0155903045591,1.20841428375,0.0958954765379
6.810000,0.562476585537,-0.689950712925,-0.0377617732444,1.02625231296,0.0152803653561,1.20838697409,0.0959234651334
6.820000,0.563168699932,-0.689884609113,-0.038344992464,1.02602560494,0.0149800663861,1.20835972577,0.0959513073739
6.830000,0.563850610183,-0.689818268474,-0.0389092468004,1.025807937,0.0146891905343,1.20833254222,0.0959790029431
6.840000,0.564522475211,-0.6897517143,-0.0394549700879,1.02559909525,0.014407524998,1.20830542674,0.0960065515561
6.850000,0.565184451409,-0.689684969235,-0.039982587473,1.02539887011,0.0141348612065,1.20827838256,0.0960339529585
6.860000,0.565836692684,-0.689618055285,-0.0404925155766,1.02520705624,0.0138709947426,1.20825141278,0.0960612069254
6.870000,0.566479350495,-0.689550993836,-0.0409851626535,1.02502345248,0.0136157252649,1.20822452041,0.0960883132613
6.880000,0.567112573897,-0.689483805666,-0.041460928748,1.02484786174,0.0133688564327,1.20819770834,0.0961152717986
6.890000,0.567736509573,-0.689416510958,-0.0419202058484,1.02468009095,0.0131301958308,1.20817097938,0.0961420823973
6.900000,0.568351301874,-0.689349129315,-0.0423633780372,1.02451995095,0.0128995548967,1.20814433624,0.0961687449441
6.910000,0.568957092861,-0.68928167977,-0.0427908216393,1.02436725648,0.0126767488487,1.20811778155,0.096195259352
6.920000,0.569554022335,-0.689214180799,-0.0432029053677,1.02422182601,0.0124615966152,1.20809131781,0.0962216255592
6.930000,0.570142227875,-0.689146650337,-0.0435999904663,1.02408348178,0.0122539207655,1.20806494748,0.0962478435289
6.940000,0.570721844877,-0.689079105786,-0.0439824308502,1.02395204964,0.0120535474417,1.20803867289,0.0962739132481
6.950000,0.571293006584,-0.68901156403,-0.0443505732435,1.02382735903,0.0118603062917,1.20801249631,0.0962998347275
6.960000,0.571855844123,-0.688944041441,-0.0447047573143,1.0237092429,0.0116740304038,1.20798641992,0.0963256080005
6.970000,0.57241048654,-0.6888765539,-0.0450453158082,1.02359753762,0.011494556242,1.20796044581,0.0963512331227
6.980000,0.57295706083,-0.6888091168,-0.0453725746785,1.02349208297,0.0113217235826,1.20793457602,0.0963767101713
6.990000,0.573495691973,-0.688741745057,-0.045686853214,1.02339272203,0.0111553754522,1.20790881246,0.0964020392448
7.000000,0.574026502962,-0.688674453129,-0.0459884641655,1.02329930112,0.0109953580666,1.20788315702,0.0964272204617
7.010000,0.57454961484,-0.688607255016,-0.0462777138691,1.02321166977,0.0108415207705,1.20785761149,0.0964522539607
7.020000,0.575065146728,-0.688540164278,-0.0465549023673,1.02312968061,0.0106937159791,1.20783217757,0.0964771398997
7.030000,0.575573215857,-0.688473194041,-0.0468203235285,1.02305318936,0.0105517991199,1.20780685693,0.0965018784555
7.040000,0.576073937595,-0.688406357008,-0.0470742651642,1.02298205475,0.0104156285757,1.20778165113,0.096526469823
7.050000,0.576567425482,-0.688339665471,-0.0473170091432,1.02291613845,0.0102850656293,1.2077565617,0.0965509142149
7.060000,0.577053791255,-0.688273131317,-0.0475488315051,1.02285530505,0.0101599744086,1.20773159009,0.0965752118612
7.070000,0.57753314488,-0.688206766038,-0.0477700025711,1.02279942195,0.0100402218322,1.20770673766,0.0965993630086
7.080000,0.578005594576,-0.688140580742,-0.0479807870522,1.02274835936,0.00992567755748,1.20768200575,0.09662336792
7.090000,0.578471246849,-0.68807458616,-0.0481814441567,1.02270199022,0.00981621392802,1.20765739561,0.0966472268741
7.100000,0.578930206512,-0.688008792658,-0.0483722276947,1.02266019015,0.00971170592298,1.20763290845,0.0966709401649
7.110000,0.57938257672,-0.68794321024,-0.0485533861813,1.02262283739,0.00961203110697,1.2076085454,0.0966945081013
7.120000,0.579828458989,-0.687877848562,-0.0487251629374,1.02258981278,0.00951706958096,1.20758430755,0.0967179310066
7.130000,0.580267953229,-0.687812716937,-0.0488877961896,1.02256099967,0.00942670393402,1.20756019593,0.0967412092179
7.140000,0.580701157764,-0.687747824344,-0.049041519167,1.02253628392,0.00934081919596,1.20753621153,0.096764343086
7.150000,0.58112816936,-0.687683179435,-0.0491865601976,1.02251555378,0.00925930279085,1.20751235525,0.0967873329748
7.160000,0.581549083252,-0.687618790546,-0.0493231428016,1.02249869993,0.00918204449132,1.20748862798,0.096810179261
7.170000,0.581963993162,-0.687554665699,-0.0494514857844,1.02248561537,0.00910893637373,1.20746503055,0.0968328823333
7.180000,0.582372991332,-0.687490812616,-0.0495718033265,1.02247619539,0.00903987277415,1.20744156371,0.0968554425928
7.190000,0.582776168539,-0.687427238722,-0.0496843050731,1.02247033755,0.00897475024514,1.2074182282,0.0968778604516
7.200000,0.583173614124,-0.68736395115,-0.0497891962209,1.0224679416,0.00891346751329,1.20739502471,0.0969001363334
7.210000,0.583565416014,-0.687300956756,-0.0498866776041,1.02246890948,0.00885592543755,1.20737195386,0.0969222706725
7.220000,0.583951660743,-0.687238262117,-0.0499769457787,1.02247314522,0.00880202696831,1.20734901626,0.0969442639135
7.230000,0.584332433476,-0.687175873544,-0.0500601931048,1.02248055495,0.00875167710726,1.20732621244,0.0969661165115
7.240000,0.584707818029,-0.687113797085,-0.0501366078281,1.02249104685,0.00870478286789,1.20730354291,0.0969878289309
7.250000,0.585077896892,-0.687052038533,-0.0502063741592,1.02250453108,0.00866125323683,1.20728100816,0.0970094016458
7.260000,0.58544275125,-0.686990603432,-0.0502696723521,1.02252091979,0.0086209991358,1.20725860859,0.0970308351392
7.270000,0.585802461005,-0.686929497083,-0.0503266787808,1.02254012702,0.00858393338426,1.2072363446,0.097052129903
7.280000,0.586157104793,-0.686868724551,-0.0503775660146,1.02256206873,0.00854997066284,1.20721421655,0.0970732864374
7.290000,0.586506760007,-0.686808290667,-0.0504225028924,1.02258666272,0.00851902747727,1.20719222475,0.0970943052509
7.300000,0.586851502818,-0.686748200041,-0.0504616545948,1.02261382858,0.00849102212315,1.20717036947,0.0971151868597
7.310000,0.58719140819,-0.686688457061,-0.050495182716,1.02264348772,0.0084658746512,1.20714865097,0.0971359317876
7.320000,0.587526549906,-0.686629065901,-0.0505232453332,1.02267556326,0.0084435068333,1.20712706946,0.0971565405657
7.330000,0.587857000578,-0.686570030527,-0.0505459970757,1.02270998005,0.008423842129,1.20710562511,0.0971770137321
7.340000,0.588182831676,-0.686511354702,-0.0505635891921,1.02274666459,0.00840680565276,1.20708431807,0.0971973518314
7.350000,0.588504113536,-0.686453041991,-0.0505761696168,1.02278554505,0.00839232414173,1.20706314847,0.0972175554149
7.360000,0.588820915388,-0.686395095766,-0.0505838830346,1.02282655121,0.00838032592414,1.20704211638,0.09723762504
7.370000,0.589133305364,-0.686337519211,-0.0505868709445,1.0228696144,0.0083707408883,1.20702122187,0.0972575612699
7.380000,0.589441350525,-0.686280315326,-0.0505852717228,1.02291466752,0.00836350045207,1.20700046497,0.0972773646736
7.390000,0.589745116869,-0.686223486935,-0.0505792206838,1.02296164498,0.00835853753301,1.20697984567,0.0972970358256
7.400000,0.590044669355,-0.686167036686,-0.0505688501409,1.02301048268,0.00835578651902,1.20695936395,0.0973165753053
7.410000,0.590340071918,-0.686110967059,-0.0505542894649,1.02306111798,0.00835518323953,1.20693901976,0.0973359836974
7.420000,0.590631387481,-0.68605528037,-0.0505356651431,1.02311348966,0.00835666493717,1.20691881303,0.0973552615912
7.430000,0.590918677978,-0.685999978774,-0.0505131008355,1.02316753791,0.0083601702401,1.20689874365,0.0973744095804
7.440000,0.591202004364,-0.685945064272,-0.0504867174312,1.02322320427,0.00836563913466,1.2068788115,0.0973934282631
7.450000,0.591481426634,-0.685890538709,-0.0504566331031,1.02328043164,0.00837301293872,1.20685901643,0.0974123182416
7.460000,0.591757003838,-0.685836403788,-0.0504229633622,1.02333916425,0.00838223427536,1.20683935828,0.0974310801218
7.470000,0.592028794093,-0.685782661064,-0.05038582111,1.02339934759,0.00839324704711,1.20681983685,0.0974497145135
7.480000,0.592296854604,-0.685729311954,-0.0503453166908,1.02346092845,0.00840599641071,1.20680045192,0.09746822203
7.490000,0.592561241672,-0.685676357741,-0.0503015579426,1.02352385483,0.00842042875224,1.20678120327,0.0974866032877
7.500000,0.592822010712,-0.685623799573,-0.0502546502469,1.02358807597,0.00843649166276,1.20676209064,0.0975048589062
7.510000,0.593079216268,-0.685571638471,-0.050204696578,1.02365354228,0.00845413391444,1.20674311376,0.0975229895081
7.520000,0.593332912023,-0.685519875332,-0.0501517975513,1.02372020534,0.00847330543705,1.20672427234,0.0975409957185
7.530000,0.593583150817,-0.685468510931,-0.0500960514701,1.02378801789,0.00849395729494,1.20670556607,0.0975588781654
7.540000,0.593829984659,-0.685417545924,-0.0500375543726,1.02385693378,0.00851604166445,1.20668699463,0.0975766374789
7.550000,0.594073464738,-0.685366980856,-0.0499764000769,1.02392690793,0.00853951181174,1.20666855767,0.0975942742916
7.560000,0.59431364144,-0.685316816157,-0.0499126802258,1.02399789639,0.00856432207097,1.20665025483,0.0976117892379
7.570000,0.594550564357,-0.685267052152,-0.0498464843309,1.02406985621,0.008590427823,1.20663208574,0.0976291829542
7.580000,0.594784282303,-0.68521768906,-0.0497778998153,1.02414274551,0.00861778547436,1.20661405,0.0976464560787
7.590000,0.595014843325,-0.685168726998,-0.0497070120561,1.0242165234,0.00864635243672,1.20659614722,0.0976636092514
7.600000,0.595242294714,-0.685120165986,-0.0496339044255,1.02429114999,0.00867608710671,1.20657837697,0.0976806431133
